GDC_Aliquot	Chromosome	Start	End	Num_Probes	Segment_Mean
1cef4169-55a3-4661-bd30-60770882192e	1	62920	668210	21	0.3888
1cef4169-55a3-4661-bd30-60770882192e	1	771719	10662911	5340	-0.5274
1cef4169-55a3-4661-bd30-60770882192e	1	10666632	12850124	1123	0.1398
1cef4169-55a3-4661-bd30-60770882192e	1	12850744	12867264	4	-0.957
1cef4169-55a3-4661-bd30-60770882192e	1	12868035	16570326	2119	0.1448
1cef4169-55a3-4661-bd30-60770882192e	1	16583114	16679281	29	0.4965
1cef4169-55a3-4661-bd30-60770882192e	1	16679483	16863509	25	0.0842
1cef4169-55a3-4661-bd30-60770882192e	1	16864367	16935752	54	-0.3051
1cef4169-55a3-4661-bd30-60770882192e	1	16949746	45489887	16312	0.1372
1cef4169-55a3-4661-bd30-60770882192e	1	45492413	45760946	101	0.5475
1cef4169-55a3-4661-bd30-60770882192e	1	45765823	46655001	460	0.1236
1cef4169-55a3-4661-bd30-60770882192e	1	46655747	68225020	14683	0.0876
1cef4169-55a3-4661-bd30-60770882192e	1	68226680	72302815	2419	0.0359
1cef4169-55a3-4661-bd30-60770882192e	1	72303233	72345450	45	-1.4869
1cef4169-55a3-4661-bd30-60770882192e	1	72345465	75249898	1750	0.0177
1cef4169-55a3-4661-bd30-60770882192e	1	75251240	86307363	7378	0.0555
1cef4169-55a3-4661-bd30-60770882192e	1	86311139	86312583	2	-1.5169
1cef4169-55a3-4661-bd30-60770882192e	1	86314399	94668626	5254	0.0737
1cef4169-55a3-4661-bd30-60770882192e	1	94668661	94668741	2	-1.6234
1cef4169-55a3-4661-bd30-60770882192e	1	94668773	102363296	4964	0.0537
1cef4169-55a3-4661-bd30-60770882192e	1	102363313	107159457	2694	0.0162
1cef4169-55a3-4661-bd30-60770882192e	1	107159514	109691933	1526	0.0933
1cef4169-55a3-4661-bd30-60770882192e	1	109692006	109697556	4	-0.9841
1cef4169-55a3-4661-bd30-60770882192e	1	109702376	143541857	7130	0.1006
1cef4169-55a3-4661-bd30-60770882192e	1	143545399	143734438	94	-0.5201
1cef4169-55a3-4661-bd30-60770882192e	1	143748012	145793372	98	0.0026
1cef4169-55a3-4661-bd30-60770882192e	1	145793816	152377208	2076	0.1095
1cef4169-55a3-4661-bd30-60770882192e	1	152380038	152381144	2	-1.7111
1cef4169-55a3-4661-bd30-60770882192e	1	152381528	152789463	364	0.1162
1cef4169-55a3-4661-bd30-60770882192e	1	152789479	152795883	33	-0.4323
1cef4169-55a3-4661-bd30-60770882192e	1	152796094	152944153	98	0.0603
1cef4169-55a3-4661-bd30-60770882192e	1	152944819	157667140	2542	0.1337
1cef4169-55a3-4661-bd30-60770882192e	1	157668730	185150804	19152	0.0821
1cef4169-55a3-4661-bd30-60770882192e	1	185152890	187746723	1667	0.0324
1cef4169-55a3-4661-bd30-60770882192e	1	187748429	187752238	2	-2.1925
1cef4169-55a3-4661-bd30-60770882192e	1	187755479	196742057	5954	0.0253
1cef4169-55a3-4661-bd30-60770882192e	1	196745692	196829534	53	0.3253
1cef4169-55a3-4661-bd30-60770882192e	1	196829693	196843377	8	-0.1598
1cef4169-55a3-4661-bd30-60770882192e	1	196843400	196846661	2	-1.7149
1cef4169-55a3-4661-bd30-60770882192e	1	196847600	199138574	1370	0.0476
1cef4169-55a3-4661-bd30-60770882192e	1	199142235	199144712	9	-2.1065
1cef4169-55a3-4661-bd30-60770882192e	1	199145110	200908202	1182	0.0602
1cef4169-55a3-4661-bd30-60770882192e	1	200908434	207035741	3974	0.122
1cef4169-55a3-4661-bd30-60770882192e	1	207036009	214962409	5696	0.0769
1cef4169-55a3-4661-bd30-60770882192e	1	214965059	219549276	3297	0.033
1cef4169-55a3-4661-bd30-60770882192e	1	219551897	237548344	12229	0.0879
1cef4169-55a3-4661-bd30-60770882192e	1	237548800	241800736	3390	0.0451
1cef4169-55a3-4661-bd30-60770882192e	1	241800886	248930189	4626	0.0816
1cef4169-55a3-4661-bd30-60770882192e	2	12784	4158097	2985	0.0573
1cef4169-55a3-4661-bd30-60770882192e	2	4166274	4176429	42	-0.5907
1cef4169-55a3-4661-bd30-60770882192e	2	4182472	8096167	3354	0.0468
1cef4169-55a3-4661-bd30-60770882192e	2	8096296	11146018	2170	0.1206
1cef4169-55a3-4661-bd30-60770882192e	2	11146040	24397284	9392	0.0557
1cef4169-55a3-4661-bd30-60770882192e	2	24399421	31316414	4149	0.1074
1cef4169-55a3-4661-bd30-60770882192e	2	31317430	34460213	1961	0.0541
1cef4169-55a3-4661-bd30-60770882192e	2	34466002	34512096	48	0.6289
1cef4169-55a3-4661-bd30-60770882192e	2	34512489	35742970	869	0.0063
1cef4169-55a3-4661-bd30-60770882192e	2	35750907	35762850	7	-1.6165
1cef4169-55a3-4661-bd30-60770882192e	2	35762881	40170111	3219	0.0778
1cef4169-55a3-4661-bd30-60770882192e	2	40172987	41518852	1085	0.0227
1cef4169-55a3-4661-bd30-60770882192e	2	41519520	49177226	5437	0.092
1cef4169-55a3-4661-bd30-60770882192e	2	49179647	50653841	1086	0.0154
1cef4169-55a3-4661-bd30-60770882192e	2	50654878	50655015	2	-1.5225
1cef4169-55a3-4661-bd30-60770882192e	2	50658759	52514599	1276	-0.0029
1cef4169-55a3-4661-bd30-60770882192e	2	52516787	52554404	41	0.7478
1cef4169-55a3-4661-bd30-60770882192e	2	52560811	60491771	5622	0.0387
1cef4169-55a3-4661-bd30-60770882192e	2	60493111	72742826	7512	0.0828
1cef4169-55a3-4661-bd30-60770882192e	2	72749751	72760288	7	-0.8478
1cef4169-55a3-4661-bd30-60770882192e	2	72762637	75663915	1749	0.0976
1cef4169-55a3-4661-bd30-60770882192e	2	75664151	83755228	5276	0.0057
1cef4169-55a3-4661-bd30-60770882192e	2	83755773	97188422	3615	0.0891
1cef4169-55a3-4661-bd30-60770882192e	2	97192190	97211436	15	0.652
1cef4169-55a3-4661-bd30-60770882192e	2	97310327	97537802	18	-0.0172
1cef4169-55a3-4661-bd30-60770882192e	2	97540809	97545247	3	-1.8411
1cef4169-55a3-4661-bd30-60770882192e	2	97545726	106982203	6001	0.0759
1cef4169-55a3-4661-bd30-60770882192e	2	106983664	108146647	777	0.0057
1cef4169-55a3-4661-bd30-60770882192e	2	108146661	114149080	2907	0.0967
1cef4169-55a3-4661-bd30-60770882192e	2	114150845	116807690	1609	0.0147
1cef4169-55a3-4661-bd30-60770882192e	2	116808312	122745941	3805	0.071
1cef4169-55a3-4661-bd30-60770882192e	2	122746073	126657017	2502	0.015
1cef4169-55a3-4661-bd30-60770882192e	2	126657085	137842894	6687	0.0678
1cef4169-55a3-4661-bd30-60770882192e	2	137843189	158804973	12719	0.0268
1cef4169-55a3-4661-bd30-60770882192e	2	158806010	158806286	2	-1.7574
1cef4169-55a3-4661-bd30-60770882192e	2	158808191	169092819	6254	0.0361
1cef4169-55a3-4661-bd30-60770882192e	2	169095592	169108041	12	-0.9428
1cef4169-55a3-4661-bd30-60770882192e	2	169110664	183205065	8944	0.0588
1cef4169-55a3-4661-bd30-60770882192e	2	183206853	183224996	14	-0.9042
1cef4169-55a3-4661-bd30-60770882192e	2	183229270	196152781	7291	0.0188
1cef4169-55a3-4661-bd30-60770882192e	2	196153678	208265568	7255	0.0576
1cef4169-55a3-4661-bd30-60770882192e	2	208265901	215656569	4762	0.0097
1cef4169-55a3-4661-bd30-60770882192e	2	215656737	220175437	2831	0.0845
1cef4169-55a3-4661-bd30-60770882192e	2	220181066	229980363	6562	0.0407
1cef4169-55a3-4661-bd30-60770882192e	2	229982005	239957668	6374	0.0923
1cef4169-55a3-4661-bd30-60770882192e	2	239959354	239960704	3	-1.1977
1cef4169-55a3-4661-bd30-60770882192e	2	239961274	242147305	1078	0.0987
1cef4169-55a3-4661-bd30-60770882192e	3	20930	2926956	2536	0.0417
1cef4169-55a3-4661-bd30-60770882192e	3	2927375	2931355	5	-1.5075
1cef4169-55a3-4661-bd30-60770882192e	3	2933398	6604856	3267	0.0784
1cef4169-55a3-4661-bd30-60770882192e	3	6609441	6611645	23	-2.6611
1cef4169-55a3-4661-bd30-60770882192e	3	6613391	8527354	1675	0.0492
1cef4169-55a3-4661-bd30-60770882192e	3	8527523	16197556	5373	0.1081
1cef4169-55a3-4661-bd30-60770882192e	3	16199049	16199672	6	-3.0176
1cef4169-55a3-4661-bd30-60770882192e	3	16199818	26384700	6979	0.0392
1cef4169-55a3-4661-bd30-60770882192e	3	26392633	26397852	5	-1.0219
1cef4169-55a3-4661-bd30-60770882192e	3	26404482	26560273	116	0.0294
1cef4169-55a3-4661-bd30-60770882192e	3	26570006	26570394	7	-0.5492
1cef4169-55a3-4661-bd30-60770882192e	3	26570407	34572105	5342	0.0718
1cef4169-55a3-4661-bd30-60770882192e	3	34574406	36242239	1146	0.0095
1cef4169-55a3-4661-bd30-60770882192e	3	36242465	36243294	2	-1.5462
1cef4169-55a3-4661-bd30-60770882192e	3	36243538	36813145	417	0.0423
1cef4169-55a3-4661-bd30-60770882192e	3	36814539	47506462	6571	0.0859
1cef4169-55a3-4661-bd30-60770882192e	3	47507495	52694788	2041	0.1513
1cef4169-55a3-4661-bd30-60770882192e	3	52695944	53000364	192	0.0955
1cef4169-55a3-4661-bd30-60770882192e	3	53000433	53003069	3	-0.8958
1cef4169-55a3-4661-bd30-60770882192e	3	53003224	54973908	1424	0.0916
1cef4169-55a3-4661-bd30-60770882192e	3	54974064	56145350	977	0.0341
1cef4169-55a3-4661-bd30-60770882192e	3	56147559	58765049	1497	0.1107
1cef4169-55a3-4661-bd30-60770882192e	3	58771164	68697108	8137	0.0514
1cef4169-55a3-4661-bd30-60770882192e	3	68697133	68698262	13	1.371
1cef4169-55a3-4661-bd30-60770882192e	3	68699607	75466940	4902	0.0789
1cef4169-55a3-4661-bd30-60770882192e	3	75478031	75547095	28	0.5638
1cef4169-55a3-4661-bd30-60770882192e	3	75559488	75984723	134	0.1123
1cef4169-55a3-4661-bd30-60770882192e	3	75985252	88418667	6920	0.0025
1cef4169-55a3-4661-bd30-60770882192e	3	88419384	88432847	2	-1.8303
1cef4169-55a3-4661-bd30-60770882192e	3	88433002	98454281	3471	0.0257
1cef4169-55a3-4661-bd30-60770882192e	3	98455389	102647611	2363	0.0784
1cef4169-55a3-4661-bd30-60770882192e	3	102650838	111242496	5246	0.0461
1cef4169-55a3-4661-bd30-60770882192e	3	111243770	114587391	2101	0.099
1cef4169-55a3-4661-bd30-60770882192e	3	114590696	114591424	2	-1.54
1cef4169-55a3-4661-bd30-60770882192e	3	114593997	122900445	5124	0.0632
1cef4169-55a3-4661-bd30-60770882192e	3	122902265	130044016	4305	0.1128
1cef4169-55a3-4661-bd30-60770882192e	3	130044855	130087393	38	0.6068
1cef4169-55a3-4661-bd30-60770882192e	3	130088081	130306113	108	0.153
1cef4169-55a3-4661-bd30-60770882192e	3	130306829	147328881	10627	0.0644
1cef4169-55a3-4661-bd30-60770882192e	3	147328899	147329658	2	-1.6738
1cef4169-55a3-4661-bd30-60770882192e	3	147331739	184128385	22402	0.0575
1cef4169-55a3-4661-bd30-60770882192e	3	184129491	188356084	2892	0.1013
1cef4169-55a3-4661-bd30-60770882192e	3	188356652	193160113	3421	0.0591
1cef4169-55a3-4661-bd30-60770882192e	3	193160173	193168958	26	-0.4277
1cef4169-55a3-4661-bd30-60770882192e	3	193168971	198169247	2681	0.0956
1cef4169-55a3-4661-bd30-60770882192e	4	68929	10208766	5698	0.111
1cef4169-55a3-4661-bd30-60770882192e	4	10221792	10229874	28	-1.9982
1cef4169-55a3-4661-bd30-60770882192e	4	10232590	28120461	12855	0.0471
1cef4169-55a3-4661-bd30-60770882192e	4	28120872	36531457	5278	0.0048
1cef4169-55a3-4661-bd30-60770882192e	4	36534091	37366691	586	0.0519
1cef4169-55a3-4661-bd30-60770882192e	4	37367153	42356514	3218	0.0912
1cef4169-55a3-4661-bd30-60770882192e	4	42356550	44996112	1676	0.0108
1cef4169-55a3-4661-bd30-60770882192e	4	44996767	45004318	11	-0.9146
1cef4169-55a3-4661-bd30-60770882192e	4	45008952	56535156	5448	0.036
1cef4169-55a3-4661-bd30-60770882192e	4	56538320	65937166	5877	0.4641
1cef4169-55a3-4661-bd30-60770882192e	4	65939351	65940106	4	-1.4855
1cef4169-55a3-4661-bd30-60770882192e	4	65942580	68478894	1469	0.4534
1cef4169-55a3-4661-bd30-60770882192e	4	68494770	68663241	72	1.1466
1cef4169-55a3-4661-bd30-60770882192e	4	68671434	69257792	309	0.4692
1cef4169-55a3-4661-bd30-60770882192e	4	69261926	69366081	54	-0.6786
1cef4169-55a3-4661-bd30-60770882192e	4	69366304	114091887	27188	0.474
1cef4169-55a3-4661-bd30-60770882192e	4	114091976	114092247	2	-1.3498
1cef4169-55a3-4661-bd30-60770882192e	4	114093536	114252500	100	0.4876
1cef4169-55a3-4661-bd30-60770882192e	4	114252544	114263110	27	1.0744
1cef4169-55a3-4661-bd30-60770882192e	4	114263154	124267312	5921	0.4638
1cef4169-55a3-4661-bd30-60770882192e	4	124273135	124273506	2	-1.2776
1cef4169-55a3-4661-bd30-60770882192e	4	124276023	129348272	2914	0.4723
1cef4169-55a3-4661-bd30-60770882192e	4	129348361	135559028	3453	0.4251
1cef4169-55a3-4661-bd30-60770882192e	4	135560763	151678582	9632	0.4711
1cef4169-55a3-4661-bd30-60770882192e	4	151678750	151678861	2	-1.2493
1cef4169-55a3-4661-bd30-60770882192e	4	151682012	154881396	2094	0.4916
1cef4169-55a3-4661-bd30-60770882192e	4	154881853	154881926	3	1.7413
1cef4169-55a3-4661-bd30-60770882192e	4	154882047	160959045	3917	0.4649
1cef4169-55a3-4661-bd30-60770882192e	4	160959151	160963756	17	0.9336
1cef4169-55a3-4661-bd30-60770882192e	4	160963767	169656097	5552	0.4554
1cef4169-55a3-4661-bd30-60770882192e	4	169656265	169656756	2	-1.5702
1cef4169-55a3-4661-bd30-60770882192e	4	169657377	172066777	1514	0.463
1cef4169-55a3-4661-bd30-60770882192e	4	172067997	172068382	12	-1.7811
1cef4169-55a3-4661-bd30-60770882192e	4	172074828	181038771	5771	0.4575
1cef4169-55a3-4661-bd30-60770882192e	4	181040014	182863300	1500	0.0113
1cef4169-55a3-4661-bd30-60770882192e	4	182870122	190013781	4782	0.483
1cef4169-55a3-4661-bd30-60770882192e	4	190030808	190106768	8	0.1247
1cef4169-55a3-4661-bd30-60770882192e	5	15532	12815668	10174	0.0559
1cef4169-55a3-4661-bd30-60770882192e	5	12815753	12838421	13	-1.6942
1cef4169-55a3-4661-bd30-60770882192e	5	12849089	17504168	3161	0.0619
1cef4169-55a3-4661-bd30-60770882192e	5	17510359	21445849	2337	0.0017
1cef4169-55a3-4661-bd30-60770882192e	5	21445950	21452329	8	0.8367
1cef4169-55a3-4661-bd30-60770882192e	5	21452387	30975905	5599	-0.0104
1cef4169-55a3-4661-bd30-60770882192e	5	30975931	46271006	9336	0.0654
1cef4169-55a3-4661-bd30-60770882192e	5	46271828	46273400	6	-2.5298
1cef4169-55a3-4661-bd30-60770882192e	5	46278110	83352369	20075	0.0665
1cef4169-55a3-4661-bd30-60770882192e	5	83353064	113817942	18060	0.0329
1cef4169-55a3-4661-bd30-60770882192e	5	113822325	113831624	6	-1.1025
1cef4169-55a3-4661-bd30-60770882192e	5	113834748	120173362	4496	0.0383
1cef4169-55a3-4661-bd30-60770882192e	5	120173698	120176163	2	-1.9483
1cef4169-55a3-4661-bd30-60770882192e	5	120181703	126196478	4030	0.0333
1cef4169-55a3-4661-bd30-60770882192e	5	126196593	143036666	9781	0.0779
1cef4169-55a3-4661-bd30-60770882192e	5	143040507	148675557	3736	0.0484
1cef4169-55a3-4661-bd30-60770882192e	5	148677383	151792187	2172	0.0958
1cef4169-55a3-4661-bd30-60770882192e	5	151799006	156048095	2931	0.0434
1cef4169-55a3-4661-bd30-60770882192e	5	156049762	156055719	14	-0.603
1cef4169-55a3-4661-bd30-60770882192e	5	156068240	167895180	7952	0.0452
1cef4169-55a3-4661-bd30-60770882192e	5	167896857	181363319	8822	0.1002
1cef4169-55a3-4661-bd30-60770882192e	6	149661	172095	12	-0.239
1cef4169-55a3-4661-bd30-60770882192e	6	174624	254283	87	-0.5549
1cef4169-55a3-4661-bd30-60770882192e	6	257353	285695	15	-1.6109
1cef4169-55a3-4661-bd30-60770882192e	6	286393	19039888	14589	-0.6071
1cef4169-55a3-4661-bd30-60770882192e	6	19041950	19042587	3	-3.9958
1cef4169-55a3-4661-bd30-60770882192e	6	19044471	32486746	8055	-0.6089
1cef4169-55a3-4661-bd30-60770882192e	6	32488906	32533522	13	2.2851
1cef4169-55a3-4661-bd30-60770882192e	6	32540699	32572834	11	-0.0683
1cef4169-55a3-4661-bd30-60770882192e	6	32576532	32602588	4	1.3029
1cef4169-55a3-4661-bd30-60770882192e	6	32605994	32718419	67	-0.4637
1cef4169-55a3-4661-bd30-60770882192e	6	32720838	32733056	13	0.5253
1cef4169-55a3-4661-bd30-60770882192e	6	32733071	33440890	341	-0.627
1cef4169-55a3-4661-bd30-60770882192e	6	33441169	37051382	2173	-0.507
1cef4169-55a3-4661-bd30-60770882192e	6	37053484	41481386	3197	-0.6001
1cef4169-55a3-4661-bd30-60770882192e	6	41484072	44315711	1544	-0.5206
1cef4169-55a3-4661-bd30-60770882192e	6	44317639	46517551	1449	-0.5872
1cef4169-55a3-4661-bd30-60770882192e	6	46517898	51985767	3397	-0.6622
1cef4169-55a3-4661-bd30-60770882192e	6	51995056	51995159	2	-3.018
1cef4169-55a3-4661-bd30-60770882192e	6	51999494	52346962	244	-0.6704
1cef4169-55a3-4661-bd30-60770882192e	6	52347390	52524978	123	-0.5548
1cef4169-55a3-4661-bd30-60770882192e	6	52526774	54066269	1136	0.0624
1cef4169-55a3-4661-bd30-60770882192e	6	54066286	54067057	8	1.2125
1cef4169-55a3-4661-bd30-60770882192e	6	54070550	64627049	4224	0.0339
1cef4169-55a3-4661-bd30-60770882192e	6	64637651	64639099	2	-2.5741
1cef4169-55a3-4661-bd30-60770882192e	6	64640883	66298369	1101	0.0196
1cef4169-55a3-4661-bd30-60770882192e	6	66298393	66338736	56	-0.7849
1cef4169-55a3-4661-bd30-60770882192e	6	66339513	72153222	3907	0.0352
1cef4169-55a3-4661-bd30-60770882192e	6	72156821	72157169	2	-2.4341
1cef4169-55a3-4661-bd30-60770882192e	6	72158860	72508989	236	0.0371
1cef4169-55a3-4661-bd30-60770882192e	6	72512139	72512361	2	-1.2502
1cef4169-55a3-4661-bd30-60770882192e	6	72518093	75109886	1654	0.0514
1cef4169-55a3-4661-bd30-60770882192e	6	75112499	75113302	2	-1.7114
1cef4169-55a3-4661-bd30-60770882192e	6	75114189	76304136	666	0.0344
1cef4169-55a3-4661-bd30-60770882192e	6	76304792	76307209	5	-1.1113
1cef4169-55a3-4661-bd30-60770882192e	6	76307276	76726815	295	0.0345
1cef4169-55a3-4661-bd30-60770882192e	6	76730151	76742675	16	-4.0147
1cef4169-55a3-4661-bd30-60770882192e	6	76742729	76743040	5	-1.5265
1cef4169-55a3-4661-bd30-60770882192e	6	76751356	78259348	974	0.0289
1cef4169-55a3-4661-bd30-60770882192e	6	78259388	78332056	115	-0.5608
1cef4169-55a3-4661-bd30-60770882192e	6	78332092	90618275	7720	0.0593
1cef4169-55a3-4661-bd30-60770882192e	6	90619970	95567681	3060	0.013
1cef4169-55a3-4661-bd30-60770882192e	6	95571761	95594314	16	-0.9143
1cef4169-55a3-4661-bd30-60770882192e	6	95599660	103286954	4658	0.0209
1cef4169-55a3-4661-bd30-60770882192e	6	103290101	103314186	46	-1.2097
1cef4169-55a3-4661-bd30-60770882192e	6	103317795	105526995	1367	0.0262
1cef4169-55a3-4661-bd30-60770882192e	6	105527109	111817869	3886	0.0841
1cef4169-55a3-4661-bd30-60770882192e	6	111818803	116141354	2633	0.0415
1cef4169-55a3-4661-bd30-60770882192e	6	116143136	116148183	2	-1.7786
1cef4169-55a3-4661-bd30-60770882192e	6	116148421	119307462	1857	0.053
1cef4169-55a3-4661-bd30-60770882192e	6	119307623	129637026	6318	0.0305
1cef4169-55a3-4661-bd30-60770882192e	6	129640104	170741917	28040	0.0605
1cef4169-55a3-4661-bd30-60770882192e	7	43355	8206716	4571	0.1022
1cef4169-55a3-4661-bd30-60770882192e	7	8207251	13550519	4256	0.0162
1cef4169-55a3-4661-bd30-60770882192e	7	13550791	13551859	7	-1.0608
1cef4169-55a3-4661-bd30-60770882192e	7	13552049	15771833	1830	0.026
1cef4169-55a3-4661-bd30-60770882192e	7	15774269	15775555	2	-2.5822
1cef4169-55a3-4661-bd30-60770882192e	7	15780825	38347842	16766	0.0639
1cef4169-55a3-4661-bd30-60770882192e	7	38351764	38356875	4	-1.6324
1cef4169-55a3-4661-bd30-60770882192e	7	38361356	48417491	6636	0.0673
1cef4169-55a3-4661-bd30-60770882192e	7	48420881	54828532	4726	0.0278
1cef4169-55a3-4661-bd30-60770882192e	7	54829096	64289924	2232	0.098
1cef4169-55a3-4661-bd30-60770882192e	7	64289990	64290004	2	-2.118
1cef4169-55a3-4661-bd30-60770882192e	7	64290139	78633139	6916	0.0866
1cef4169-55a3-4661-bd30-60770882192e	7	78636479	89982472	7295	0.0198
1cef4169-55a3-4661-bd30-60770882192e	7	89983457	89990605	5	0.4377
1cef4169-55a3-4661-bd30-60770882192e	7	89992139	97756423	4974	0.0509
1cef4169-55a3-4661-bd30-60770882192e	7	97756621	97766159	8	0.851
1cef4169-55a3-4661-bd30-60770882192e	7	97766194	109797043	6607	0.0783
1cef4169-55a3-4661-bd30-60770882192e	7	109797044	109813762	26	0.5144
1cef4169-55a3-4661-bd30-60770882192e	7	109813801	126405502	10019	0.0216
1cef4169-55a3-4661-bd30-60770882192e	7	126405597	126406825	14	0.8567
1cef4169-55a3-4661-bd30-60770882192e	7	126406826	126722550	224	-0.0294
1cef4169-55a3-4661-bd30-60770882192e	7	126725057	144788475	11229	0.0739
1cef4169-55a3-4661-bd30-60770882192e	7	144788487	147722591	1894	0.0237
1cef4169-55a3-4661-bd30-60770882192e	7	147723684	152934183	2927	0.1068
1cef4169-55a3-4661-bd30-60770882192e	7	152936079	159334314	4519	0.0597
1cef4169-55a3-4661-bd30-60770882192e	8	81254	2102676	1435	0.4913
1cef4169-55a3-4661-bd30-60770882192e	8	2102806	6273074	5329	0.4489
1cef4169-55a3-4661-bd30-60770882192e	8	6273151	12374772	4245	0.4913
1cef4169-55a3-4661-bd30-60770882192e	8	12374907	12376742	5	-0.8021
1cef4169-55a3-4661-bd30-60770882192e	8	12376789	17475761	4460	0.4799
1cef4169-55a3-4661-bd30-60770882192e	8	17477409	25117007	5968	0.5222
1cef4169-55a3-4661-bd30-60770882192e	8	25117062	25122457	17	-0.3648
1cef4169-55a3-4661-bd30-60770882192e	8	25122472	27184643	1613	0.5122
1cef4169-55a3-4661-bd30-60770882192e	8	27188793	27188884	2	-1.6596
1cef4169-55a3-4661-bd30-60770882192e	8	27196125	31015735	2463	0.5442
1cef4169-55a3-4661-bd30-60770882192e	8	31015973	36211336	3230	0.4955
1cef4169-55a3-4661-bd30-60770882192e	8	36215045	36219621	5	-1.2186
1cef4169-55a3-4661-bd30-60770882192e	8	36220823	46112758	4383	0.5188
1cef4169-55a3-4661-bd30-60770882192e	8	46127477	63936079	11001	0.4808
1cef4169-55a3-4661-bd30-60770882192e	8	63936340	63936953	7	1.5007
1cef4169-55a3-4661-bd30-60770882192e	8	63937166	71166600	4138	0.4988
1cef4169-55a3-4661-bd30-60770882192e	8	71168831	71300130	102	0.0793
1cef4169-55a3-4661-bd30-60770882192e	8	71303076	71304199	6	-1.5938
1cef4169-55a3-4661-bd30-60770882192e	8	71304266	71414685	83	0.0136
1cef4169-55a3-4661-bd30-60770882192e	8	71418350	79113568	4839	0.4898
1cef4169-55a3-4661-bd30-60770882192e	8	79117792	82126270	1766	-0.6127
1cef4169-55a3-4661-bd30-60770882192e	8	82128403	93113488	6221	0.4748
1cef4169-55a3-4661-bd30-60770882192e	8	93115319	105099728	7440	0.5061
1cef4169-55a3-4661-bd30-60770882192e	8	105102944	111279265	3720	0.4673
1cef4169-55a3-4661-bd30-60770882192e	8	111282050	111283031	9	1.5142
1cef4169-55a3-4661-bd30-60770882192e	8	111288052	114623457	1831	0.4462
1cef4169-55a3-4661-bd30-60770882192e	8	114623472	145072769	21057	0.4996
1cef4169-55a3-4661-bd30-60770882192e	9	46587	6308729	6074	0.0729
1cef4169-55a3-4661-bd30-60770882192e	9	6309188	13057115	5964	0.0264
1cef4169-55a3-4661-bd30-60770882192e	9	13060615	23361807	8353	0.0656
1cef4169-55a3-4661-bd30-60770882192e	9	23363117	23373486	8	-2.5743
1cef4169-55a3-4661-bd30-60770882192e	9	23378490	32668370	6820	0.0194
1cef4169-55a3-4661-bd30-60770882192e	9	32668705	39547285	3904	0.1173
1cef4169-55a3-4661-bd30-60770882192e	9	39547299	61405110	201	0.3073
1cef4169-55a3-4661-bd30-60770882192e	9	61520021	68412579	217	0.1267
1cef4169-55a3-4661-bd30-60770882192e	9	68420536	85092670	12110	0.0529
1cef4169-55a3-4661-bd30-60770882192e	9	85093366	99530238	9791	0.089
1cef4169-55a3-4661-bd30-60770882192e	9	99533277	112282368	9466	0.0504
1cef4169-55a3-4661-bd30-60770882192e	9	112284123	112294334	2	-1.8774
1cef4169-55a3-4661-bd30-60770882192e	9	112296025	117689795	4182	0.0804
1cef4169-55a3-4661-bd30-60770882192e	9	117691358	119604550	1574	0.0234
1cef4169-55a3-4661-bd30-60770882192e	9	119605586	121423037	1278	0.0738
1cef4169-55a3-4661-bd30-60770882192e	9	121423242	138200944	9444	0.1218
1cef4169-55a3-4661-bd30-60770882192e	10	45792	4244878	3559	-0.6185
1cef4169-55a3-4661-bd30-60770882192e	10	4248622	4248824	4	1.2453
1cef4169-55a3-4661-bd30-60770882192e	10	4251879	11408363	6185	-0.5978
1cef4169-55a3-4661-bd30-60770882192e	10	11410328	11412064	3	-2.9438
1cef4169-55a3-4661-bd30-60770882192e	10	11412633	24088746	9368	-0.5874
1cef4169-55a3-4661-bd30-60770882192e	10	24088747	24089125	9	-2.8228
1cef4169-55a3-4661-bd30-60770882192e	10	24089979	26934974	1981	-0.5966
1cef4169-55a3-4661-bd30-60770882192e	10	26936975	26939544	13	0.2485
1cef4169-55a3-4661-bd30-60770882192e	10	26941064	34906975	5665	-0.5824
1cef4169-55a3-4661-bd30-60770882192e	10	34907610	34955143	25	-1.1391
1cef4169-55a3-4661-bd30-60770882192e	10	34955294	38783075	2132	-0.5667
1cef4169-55a3-4661-bd30-60770882192e	10	38783090	45139438	2072	0.086
1cef4169-55a3-4661-bd30-60770882192e	10	45142115	46059423	326	0.467
1cef4169-55a3-4661-bd30-60770882192e	10	46068681	46313711	175	-0.514
1cef4169-55a3-4661-bd30-60770882192e	10	46313929	46560525	67	-0.1857
1cef4169-55a3-4661-bd30-60770882192e	10	46606240	55842692	5944	-0.6105
1cef4169-55a3-4661-bd30-60770882192e	10	55844168	55882064	35	-1.1075
1cef4169-55a3-4661-bd30-60770882192e	10	55882522	56756643	553	-0.6337
1cef4169-55a3-4661-bd30-60770882192e	10	56756761	56767077	39	-1.8867
1cef4169-55a3-4661-bd30-60770882192e	10	56772992	65545327	6086	-0.6199
1cef4169-55a3-4661-bd30-60770882192e	10	65545353	65554672	31	-1.3408
1cef4169-55a3-4661-bd30-60770882192e	10	65554688	67557805	1452	-0.6496
1cef4169-55a3-4661-bd30-60770882192e	10	67564372	79854946	7786	-0.5508
1cef4169-55a3-4661-bd30-60770882192e	10	79857864	80226035	209	-0.6546
1cef4169-55a3-4661-bd30-60770882192e	10	80234421	80237322	3	-2.4177
1cef4169-55a3-4661-bd30-60770882192e	10	80237692	87828714	5219	-0.6175
1cef4169-55a3-4661-bd30-60770882192e	10	87838937	87870165	36	-1.4807
1cef4169-55a3-4661-bd30-60770882192e	10	87871755	87912224	58	-0.7674
1cef4169-55a3-4661-bd30-60770882192e	10	87914353	87976151	127	-1.2696
1cef4169-55a3-4661-bd30-60770882192e	10	87977344	89183210	878	-0.6008
1cef4169-55a3-4661-bd30-60770882192e	10	89183339	89188152	8	-2.2661
1cef4169-55a3-4661-bd30-60770882192e	10	89188211	94334993	3295	-0.5928
1cef4169-55a3-4661-bd30-60770882192e	10	94335177	103881220	5458	-0.5378
1cef4169-55a3-4661-bd30-60770882192e	10	103884680	133654968	21526	-0.5998
1cef4169-55a3-4661-bd30-60770882192e	11	198510	5768495	3234	0.0958
1cef4169-55a3-4661-bd30-60770882192e	11	5768511	5787909	28	-0.6533
1cef4169-55a3-4661-bd30-60770882192e	11	5788108	20628573	10950	0.0908
1cef4169-55a3-4661-bd30-60770882192e	11	20629664	31967426	7895	0.039
1cef4169-55a3-4661-bd30-60770882192e	11	31968366	37035670	3943	0.0873
1cef4169-55a3-4661-bd30-60770882192e	11	37036610	43079710	4032	0.0199
1cef4169-55a3-4661-bd30-60770882192e	11	43080333	55606712	4354	0.1006
1cef4169-55a3-4661-bd30-60770882192e	11	55606727	55685533	56	0.5438
1cef4169-55a3-4661-bd30-60770882192e	11	55686100	56474684	537	0.0293
1cef4169-55a3-4661-bd30-60770882192e	11	56474772	56474785	2	-1.6892
1cef4169-55a3-4661-bd30-60770882192e	11	56474878	60605473	2486	0.074
1cef4169-55a3-4661-bd30-60770882192e	11	60605651	78733820	8973	0.1285
1cef4169-55a3-4661-bd30-60770882192e	11	78737325	107518312	20446	0.0431
1cef4169-55a3-4661-bd30-60770882192e	11	107519088	134629079	19402	0.0834
1cef4169-55a3-4661-bd30-60770882192e	11	134632329	135074876	370	0.0119
1cef4169-55a3-4661-bd30-60770882192e	12	51460	71531	5	0.0016
1cef4169-55a3-4661-bd30-60770882192e	12	81888	2126723	1255	-0.6039
1cef4169-55a3-4661-bd30-60770882192e	12	2136696	2148754	40	-1.5367
1cef4169-55a3-4661-bd30-60770882192e	12	2148857	8165239	4207	-0.5584
1cef4169-55a3-4661-bd30-60770882192e	12	8168303	8404097	70	-0.2718
1cef4169-55a3-4661-bd30-60770882192e	12	8405892	8432076	18	0.5629
1cef4169-55a3-4661-bd30-60770882192e	12	8442298	9477960	558	-0.5956
1cef4169-55a3-4661-bd30-60770882192e	12	9481274	9561078	22	0.0933
1cef4169-55a3-4661-bd30-60770882192e	12	9562969	11066824	1032	-0.5833
1cef4169-55a3-4661-bd30-60770882192e	12	11068125	11088933	10	-1.4639
1cef4169-55a3-4661-bd30-60770882192e	12	11099275	14879827	2803	-0.5529
1cef4169-55a3-4661-bd30-60770882192e	12	14888647	31258117	11381	-0.6076
1cef4169-55a3-4661-bd30-60770882192e	12	31258280	33132119	1278	-0.5662
1cef4169-55a3-4661-bd30-60770882192e	12	33136024	33166652	51	-0.1544
1cef4169-55a3-4661-bd30-60770882192e	12	33170429	34682902	768	-0.5829
1cef4169-55a3-4661-bd30-60770882192e	12	34701563	37987416	102	0.145
1cef4169-55a3-4661-bd30-60770882192e	12	37990298	45879856	4909	0.0447
1cef4169-55a3-4661-bd30-60770882192e	12	45881075	58413212	7082	0.1162
1cef4169-55a3-4661-bd30-60770882192e	12	58413991	61880090	2202	0.0351
1cef4169-55a3-4661-bd30-60770882192e	12	61882031	61885198	9	-1.4507
1cef4169-55a3-4661-bd30-60770882192e	12	61885690	71269655	6218	0.0727
1cef4169-55a3-4661-bd30-60770882192e	12	71271358	87127529	9747	0.0292
1cef4169-55a3-4661-bd30-60770882192e	12	87130911	87132845	2	-1.5006
1cef4169-55a3-4661-bd30-60770882192e	12	87137136	91324966	2532	0.0415
1cef4169-55a3-4661-bd30-60770882192e	12	91325213	92622705	956	0.0637
1cef4169-55a3-4661-bd30-60770882192e	12	92625189	96684091	2765	0.1053
1cef4169-55a3-4661-bd30-60770882192e	12	96684321	103500649	4468	0.0629
1cef4169-55a3-4661-bd30-60770882192e	12	103501036	119546020	11125	0.1025
1cef4169-55a3-4661-bd30-60770882192e	12	119551082	119552943	15	-0.9048
1cef4169-55a3-4661-bd30-60770882192e	12	119552956	125568952	3126	0.1254
1cef4169-55a3-4661-bd30-60770882192e	12	125579857	130668803	4577	0.0579
1cef4169-55a3-4661-bd30-60770882192e	12	130668882	133201603	1333	0.1056
1cef4169-55a3-4661-bd30-60770882192e	13	18452809	18831892	86	-0.2245
1cef4169-55a3-4661-bd30-60770882192e	13	18833025	53032380	23489	-0.5968
1cef4169-55a3-4661-bd30-60770882192e	13	53032402	57129929	2313	-0.6428
1cef4169-55a3-4661-bd30-60770882192e	13	57138666	57200966	43	-0.2127
1cef4169-55a3-4661-bd30-60770882192e	13	57201082	70193832	7892	-0.6514
1cef4169-55a3-4661-bd30-60770882192e	13	70193884	70670775	330	-0.0191
1cef4169-55a3-4661-bd30-60770882192e	13	70672514	71362740	434	-0.6694
1cef4169-55a3-4661-bd30-60770882192e	13	71366409	72477271	771	-0.0019
1cef4169-55a3-4661-bd30-60770882192e	13	72480992	73130836	405	-0.6095
1cef4169-55a3-4661-bd30-60770882192e	13	73136870	73583780	362	0.0379
1cef4169-55a3-4661-bd30-60770882192e	13	73588558	73850426	189	-0.5816
1cef4169-55a3-4661-bd30-60770882192e	13	73850687	73986801	111	0.0454
1cef4169-55a3-4661-bd30-60770882192e	13	73991513	79496152	3813	-0.6252
1cef4169-55a3-4661-bd30-60770882192e	13	79505046	79576244	42	0.0083
1cef4169-55a3-4661-bd30-60770882192e	13	79580999	84760667	3251	-0.6412
1cef4169-55a3-4661-bd30-60770882192e	13	84762831	84851207	63	-0.0804
1cef4169-55a3-4661-bd30-60770882192e	13	84854223	85066771	178	-0.6656
1cef4169-55a3-4661-bd30-60770882192e	13	85070021	85216094	85	-0.0702
1cef4169-55a3-4661-bd30-60770882192e	13	85222185	85834386	419	-0.6846
1cef4169-55a3-4661-bd30-60770882192e	13	85837312	85989758	76	-0.105
1cef4169-55a3-4661-bd30-60770882192e	13	85990480	86097661	86	-0.6682
1cef4169-55a3-4661-bd30-60770882192e	13	86108762	86290176	66	-0.0755
1cef4169-55a3-4661-bd30-60770882192e	13	86299688	86764256	273	-0.6295
1cef4169-55a3-4661-bd30-60770882192e	13	86774934	90657178	2238	-0.0037
1cef4169-55a3-4661-bd30-60770882192e	13	90657984	91343682	443	-0.6506
1cef4169-55a3-4661-bd30-60770882192e	13	91343838	97166278	3860	0.0505
1cef4169-55a3-4661-bd30-60770882192e	13	97167143	97173566	3	-1.3139
1cef4169-55a3-4661-bd30-60770882192e	13	97173590	101334272	2853	0.0796
1cef4169-55a3-4661-bd30-60770882192e	13	101334494	108874634	6230	0.0335
1cef4169-55a3-4661-bd30-60770882192e	13	108879168	110264987	1095	0.0757
1cef4169-55a3-4661-bd30-60770882192e	13	110265135	110423569	174	-0.6808
1cef4169-55a3-4661-bd30-60770882192e	13	110429327	114342922	2251	0.1075
1cef4169-55a3-4661-bd30-60770882192e	14	18239283	19689684	64	0.2187
1cef4169-55a3-4661-bd30-60770882192e	14	19732024	19951992	99	-0.4749
1cef4169-55a3-4661-bd30-60770882192e	14	19952080	32567451	7925	0.0602
1cef4169-55a3-4661-bd30-60770882192e	14	32572026	63470927	19738	-0.6019
1cef4169-55a3-4661-bd30-60770882192e	14	63470992	75881373	7643	-0.5434
1cef4169-55a3-4661-bd30-60770882192e	14	75881898	75882324	4	-2.1006
1cef4169-55a3-4661-bd30-60770882192e	14	75882339	78123106	1578	-0.5442
1cef4169-55a3-4661-bd30-60770882192e	14	78123531	86618960	5750	-0.6285
1cef4169-55a3-4661-bd30-60770882192e	14	86618964	86624521	2	-3.059
1cef4169-55a3-4661-bd30-60770882192e	14	86626191	87579708	576	-0.6434
1cef4169-55a3-4661-bd30-60770882192e	14	87580365	95704959	5473	-0.5613
1cef4169-55a3-4661-bd30-60770882192e	14	95711836	98974594	2578	-0.6061
1cef4169-55a3-4661-bd30-60770882192e	14	98982127	106294689	3470	-0.5139
1cef4169-55a3-4661-bd30-60770882192e	14	106297265	106297273	3	1.7112
1cef4169-55a3-4661-bd30-60770882192e	14	106297409	106516924	115	-0.4277
1cef4169-55a3-4661-bd30-60770882192e	14	106517776	106877229	179	-0.6104
1cef4169-55a3-4661-bd30-60770882192e	15	19811075	20670989	150	0.2047
1cef4169-55a3-4661-bd30-60770882192e	15	20981071	21005443	6	1.5803
1cef4169-55a3-4661-bd30-60770882192e	15	21018354	39517609	10914	0.0753
1cef4169-55a3-4661-bd30-60770882192e	15	39517669	93145427	33764	0.1103
1cef4169-55a3-4661-bd30-60770882192e	15	93151047	101928837	6651	0.0899
1cef4169-55a3-4661-bd30-60770882192e	16	10777	59016259	28894	0.1016
1cef4169-55a3-4661-bd30-60770882192e	16	59019189	65565618	4380	0.0413
1cef4169-55a3-4661-bd30-60770882192e	16	65567985	90096867	18541	0.0977
1cef4169-55a3-4661-bd30-60770882192e	17	150733	14357065	8959	-0.5392
1cef4169-55a3-4661-bd30-60770882192e	17	14358343	15654216	1020	-0.6586
1cef4169-55a3-4661-bd30-60770882192e	17	15654426	16555499	388	-0.4902
1cef4169-55a3-4661-bd30-60770882192e	17	16561484	33368756	5730	0.123
1cef4169-55a3-4661-bd30-60770882192e	17	33369840	33370200	2	-1.4845
1cef4169-55a3-4661-bd30-60770882192e	17	33370772	41266838	4669	0.1138
1cef4169-55a3-4661-bd30-60770882192e	17	41266851	41267053	5	-2.055
1cef4169-55a3-4661-bd30-60770882192e	17	41267068	41273905	10	-0.498
1cef4169-55a3-4661-bd30-60770882192e	17	41273921	41274198	3	-2.6624
1cef4169-55a3-4661-bd30-60770882192e	17	41274279	46085732	2493	0.146
1cef4169-55a3-4661-bd30-60770882192e	17	46088437	46284997	122	0.7542
1cef4169-55a3-4661-bd30-60770882192e	17	46286804	51142283	2307	0.1413
1cef4169-55a3-4661-bd30-60770882192e	17	51149382	56295060	3687	0.0722
1cef4169-55a3-4661-bd30-60770882192e	17	56295275	58919482	1751	0.1295
1cef4169-55a3-4661-bd30-60770882192e	17	58929007	58931679	2	-1.8005
1cef4169-55a3-4661-bd30-60770882192e	17	58932634	69599900	5757	0.1264
1cef4169-55a3-4661-bd30-60770882192e	17	69602557	72246787	2069	0.0661
1cef4169-55a3-4661-bd30-60770882192e	17	72247470	73840460	1234	0.1418
1cef4169-55a3-4661-bd30-60770882192e	17	73840477	74668676	545	0.0528
1cef4169-55a3-4661-bd30-60770882192e	17	74669347	83091923	4200	0.1505
1cef4169-55a3-4661-bd30-60770882192e	18	48133	2828856	1985	0.0518
1cef4169-55a3-4661-bd30-60770882192e	18	2830251	3775686	628	0.1272
1cef4169-55a3-4661-bd30-60770882192e	18	3777766	3777899	2	1.8192
1cef4169-55a3-4661-bd30-60770882192e	18	3778593	24746044	9908	0.0983
1cef4169-55a3-4661-bd30-60770882192e	18	24747002	44748238	12819	0.0375
1cef4169-55a3-4661-bd30-60770882192e	18	44748522	46645009	1341	0.0956
1cef4169-55a3-4661-bd30-60770882192e	18	46649522	46649618	2	-1.4607
1cef4169-55a3-4661-bd30-60770882192e	18	46650255	51455770	3444	0.0929
1cef4169-55a3-4661-bd30-60770882192e	18	51459740	57003059	3581	0.0288
1cef4169-55a3-4661-bd30-60770882192e	18	57005536	57008715	4	-1.002
1cef4169-55a3-4661-bd30-60770882192e	18	57009356	57089266	71	0.0403
1cef4169-55a3-4661-bd30-60770882192e	18	57090334	63375575	4583	0.0861
1cef4169-55a3-4661-bd30-60770882192e	18	63376740	66239412	2023	0.0191
1cef4169-55a3-4661-bd30-60770882192e	18	66239612	66244352	12	-0.7658
1cef4169-55a3-4661-bd30-60770882192e	18	66244639	66321451	76	0.0186
1cef4169-55a3-4661-bd30-60770882192e	18	66321996	66383043	36	-0.3843
1cef4169-55a3-4661-bd30-60770882192e	18	66390298	73907208	5589	0.0196
1cef4169-55a3-4661-bd30-60770882192e	18	73908273	79142482	4010	0.0744
1cef4169-55a3-4661-bd30-60770882192e	18	79142652	80252185	533	0.0139
1cef4169-55a3-4661-bd30-60770882192e	18	80252853	80257174	5	-0.721
1cef4169-55a3-4661-bd30-60770882192e	19	90910	19971139	8644	0.1619
1cef4169-55a3-4661-bd30-60770882192e	19	19971204	27390278	2519	0.0717
1cef4169-55a3-4661-bd30-60770882192e	19	27419767	33389094	4174	-0.5419
1cef4169-55a3-4661-bd30-60770882192e	19	33394212	33396254	2	-2.9152
1cef4169-55a3-4661-bd30-60770882192e	19	33398463	35221078	1228	-0.5205
1cef4169-55a3-4661-bd30-60770882192e	19	35221091	49940804	7182	-0.4733
1cef4169-55a3-4661-bd30-60770882192e	19	49944270	55766684	3437	-0.5252
1cef4169-55a3-4661-bd30-60770882192e	19	55770704	55774927	6	-2.4263
1cef4169-55a3-4661-bd30-60770882192e	19	55777575	58586487	1828	-0.5343
1cef4169-55a3-4661-bd30-60770882192e	20	80664	82279	16	-0.0536
1cef4169-55a3-4661-bd30-60770882192e	20	84659	4792677	3547	-0.5278
1cef4169-55a3-4661-bd30-60770882192e	20	4792951	24933927	15746	-0.5851
1cef4169-55a3-4661-bd30-60770882192e	20	24933954	26324855	624	-0.5037
1cef4169-55a3-4661-bd30-60770882192e	20	26324943	38457717	3783	0.1485
1cef4169-55a3-4661-bd30-60770882192e	20	38457897	43091958	3433	0.0882
1cef4169-55a3-4661-bd30-60770882192e	20	43092288	52180361	6253	0.1362
1cef4169-55a3-4661-bd30-60770882192e	20	52181323	56460938	3432	0.0856
1cef4169-55a3-4661-bd30-60770882192e	20	56461137	64324800	5443	0.1273
1cef4169-55a3-4661-bd30-60770882192e	21	10354168	10556310	47	-0.0181
1cef4169-55a3-4661-bd30-60770882192e	21	10556313	13028413	48	-0.3488
1cef4169-55a3-4661-bd30-60770882192e	21	13028693	18452161	3282	0.0692
1cef4169-55a3-4661-bd30-60770882192e	21	18452178	25263753	5237	0.0187
1cef4169-55a3-4661-bd30-60770882192e	21	25263965	31206334	4340	0.0574
1cef4169-55a3-4661-bd30-60770882192e	21	31206408	34080090	1955	0.1492
1cef4169-55a3-4661-bd30-60770882192e	21	34083015	41485194	5957	0.0987
1cef4169-55a3-4661-bd30-60770882192e	21	41485207	46268308	2681	0.1391
1cef4169-55a3-4661-bd30-60770882192e	21	46269820	46677045	278	0.0367
1cef4169-55a3-4661-bd30-60770882192e	22	15294547	18141598	1105	0.1274
1cef4169-55a3-4661-bd30-60770882192e	22	18142004	23417952	2947	0.0874
1cef4169-55a3-4661-bd30-60770882192e	22	23418386	38899250	11126	0.1361
1cef4169-55a3-4661-bd30-60770882192e	22	38900535	38900899	2	-3.5415
1cef4169-55a3-4661-bd30-60770882192e	22	38903109	49035032	6974	0.1529
1cef4169-55a3-4661-bd30-60770882192e	22	49035104	50796027	1096	0.0488
1cef4169-55a3-4661-bd30-60770882192e	X	251810	2785350	95	-0.453
1cef4169-55a3-4661-bd30-60770882192e	X	2785592	6537122	2830	-0.0139
1cef4169-55a3-4661-bd30-60770882192e	X	6537249	8159551	1197	0.5375
1cef4169-55a3-4661-bd30-60770882192e	X	8160463	25044724	10951	0.0253
1cef4169-55a3-4661-bd30-60770882192e	X	25044878	37992820	8105	-0.0199
1cef4169-55a3-4661-bd30-60770882192e	X	37994439	81164585	18095	0.0173
1cef4169-55a3-4661-bd30-60770882192e	X	81168971	81290481	54	0.4725
1cef4169-55a3-4661-bd30-60770882192e	X	81294154	88134687	3970	-0.0117
1cef4169-55a3-4661-bd30-60770882192e	X	88145149	95123847	3277	-0.061
1cef4169-55a3-4661-bd30-60770882192e	X	95124205	103999203	4714	-0.0007
1cef4169-55a3-4661-bd30-60770882192e	X	104003417	104050792	58	0.4568
1cef4169-55a3-4661-bd30-60770882192e	X	104083894	138404006	18906	-0.0007
1cef4169-55a3-4661-bd30-60770882192e	X	138405459	138794247	243	-0.6606
1cef4169-55a3-4661-bd30-60770882192e	X	138796521	140015211	801	-0.0144
1cef4169-55a3-4661-bd30-60770882192e	X	140016146	140020404	3	-1.881
1cef4169-55a3-4661-bd30-60770882192e	X	140025934	148106500	5384	-0.0232
1cef4169-55a3-4661-bd30-60770882192e	X	148108240	155323890	4057	0.0261
1cef4169-55a3-4661-bd30-60770882192e	X	155327015	155699444	139	-0.0435
1cef4169-55a3-4661-bd30-60770882192e	X	155699647	155952689	20	-0.4762
1cef4169-55a3-4661-bd30-60770882192e	Y	2782397	6233384	783	-1.8203
1cef4169-55a3-4661-bd30-60770882192e	Y	6249869	16951685	4184	-2.1152
1cef4169-55a3-4661-bd30-60770882192e	Y	16956242	17179768	96	-2.7283
1cef4169-55a3-4661-bd30-60770882192e	Y	17186105	19748425	541	-2.1331
1cef4169-55a3-4661-bd30-60770882192e	Y	19755427	19755946	2	-5.9096
1cef4169-55a3-4661-bd30-60770882192e	Y	19756312	20752415	283	-2.0622
1cef4169-55a3-4661-bd30-60770882192e	Y	20752492	20756691	2	-5.5012
1cef4169-55a3-4661-bd30-60770882192e	Y	20757006	22337958	504	-2.1565
1cef4169-55a3-4661-bd30-60770882192e	Y	22338314	56872112	226	-1.754
