GDC_Aliquot	Chromosome	Start	End	Num_Probes	Segment_Mean
dcd369bb-a83d-4c00-aba5-0ab14a39eec0	1	62920	266187	17	0.291
dcd369bb-a83d-4c00-aba5-0ab14a39eec0	1	462795	3775287	949	-0.6772
dcd369bb-a83d-4c00-aba5-0ab14a39eec0	1	3778083	3779792	4	-3.4675
dcd369bb-a83d-4c00-aba5-0ab14a39eec0	1	3779928	6254762	1934	-0.6245
dcd369bb-a83d-4c00-aba5-0ab14a39eec0	1	6256824	10662911	2455	-0.5411
dcd369bb-a83d-4c00-aba5-0ab14a39eec0	1	10666632	12832455	1125	0.1488
dcd369bb-a83d-4c00-aba5-0ab14a39eec0	1	12850124	12867264	6	-0.7915
dcd369bb-a83d-4c00-aba5-0ab14a39eec0	1	12868035	16542868	2121	0.1398
dcd369bb-a83d-4c00-aba5-0ab14a39eec0	1	16544783	16679239	31	0.5672
dcd369bb-a83d-4c00-aba5-0ab14a39eec0	1	16679281	16864367	27	0.2079
dcd369bb-a83d-4c00-aba5-0ab14a39eec0	1	16868660	16958425	58	-0.4449
dcd369bb-a83d-4c00-aba5-0ab14a39eec0	1	16959715	21424751	3011	0.1509
dcd369bb-a83d-4c00-aba5-0ab14a39eec0	1	21433302	21433632	2	-1.532
dcd369bb-a83d-4c00-aba5-0ab14a39eec0	1	21443394	45489887	13290	0.1391
dcd369bb-a83d-4c00-aba5-0ab14a39eec0	1	45492413	45760946	101	0.6204
dcd369bb-a83d-4c00-aba5-0ab14a39eec0	1	45765823	48143433	1437	0.1144
dcd369bb-a83d-4c00-aba5-0ab14a39eec0	1	48148587	50066965	1007	0.0567
dcd369bb-a83d-4c00-aba5-0ab14a39eec0	1	50067297	55073564	2782	0.123
dcd369bb-a83d-4c00-aba5-0ab14a39eec0	1	55074160	59639791	3653	0.0862
dcd369bb-a83d-4c00-aba5-0ab14a39eec0	1	59641327	59641368	2	-1.2544
dcd369bb-a83d-4c00-aba5-0ab14a39eec0	1	59643098	72303233	8703	0.077
dcd369bb-a83d-4c00-aba5-0ab14a39eec0	1	72303253	72345450	44	-1.2276
dcd369bb-a83d-4c00-aba5-0ab14a39eec0	1	72345465	74489385	1256	0
dcd369bb-a83d-4c00-aba5-0ab14a39eec0	1	74489814	88576481	9406	0.0508
dcd369bb-a83d-4c00-aba5-0ab14a39eec0	1	88576802	95184684	4148	0.0911
dcd369bb-a83d-4c00-aba5-0ab14a39eec0	1	95184965	101885823	4218	0.0475
dcd369bb-a83d-4c00-aba5-0ab14a39eec0	1	101886339	105655339	2056	-0.0005
dcd369bb-a83d-4c00-aba5-0ab14a39eec0	1	105655378	109684893	2501	0.0779
dcd369bb-a83d-4c00-aba5-0ab14a39eec0	1	109690352	109697556	13	-1.4851
dcd369bb-a83d-4c00-aba5-0ab14a39eec0	1	109702376	112147704	1945	0.1187
dcd369bb-a83d-4c00-aba5-0ab14a39eec0	1	112153343	112163334	26	-0.5247
dcd369bb-a83d-4c00-aba5-0ab14a39eec0	1	112163438	114151650	1198	0.1024
dcd369bb-a83d-4c00-aba5-0ab14a39eec0	1	114154398	114154411	2	-1.3907
dcd369bb-a83d-4c00-aba5-0ab14a39eec0	1	114155472	115431467	864	0.0974
dcd369bb-a83d-4c00-aba5-0ab14a39eec0	1	115442406	115443483	2	-1.4935
dcd369bb-a83d-4c00-aba5-0ab14a39eec0	1	115447442	121601998	3088	0.0782
dcd369bb-a83d-4c00-aba5-0ab14a39eec0	1	121705338	143748074	100	-0.7365
dcd369bb-a83d-4c00-aba5-0ab14a39eec0	1	143748421	149844893	922	0.0423
dcd369bb-a83d-4c00-aba5-0ab14a39eec0	1	149845002	152784298	1620	0.1216
dcd369bb-a83d-4c00-aba5-0ab14a39eec0	1	152784330	152796224	40	-0.3734
dcd369bb-a83d-4c00-aba5-0ab14a39eec0	1	152801429	153587655	574	0.1086
dcd369bb-a83d-4c00-aba5-0ab14a39eec0	1	153593211	157063044	1620	0.1572
dcd369bb-a83d-4c00-aba5-0ab14a39eec0	1	157064324	158368934	921	0.1008
dcd369bb-a83d-4c00-aba5-0ab14a39eec0	1	158369116	158777025	403	0.0023
dcd369bb-a83d-4c00-aba5-0ab14a39eec0	1	158777057	161648901	1740	0.1087
dcd369bb-a83d-4c00-aba5-0ab14a39eec0	1	161649069	161649268	6	-1.0167
dcd369bb-a83d-4c00-aba5-0ab14a39eec0	1	161678447	186657277	17451	0.0832
dcd369bb-a83d-4c00-aba5-0ab14a39eec0	1	186657333	196843377	6780	0.0135
dcd369bb-a83d-4c00-aba5-0ab14a39eec0	1	196843400	196846661	2	-2.0322
dcd369bb-a83d-4c00-aba5-0ab14a39eec0	1	196847600	199138574	1370	0.0376
dcd369bb-a83d-4c00-aba5-0ab14a39eec0	1	199142235	199143883	8	-2.1147
dcd369bb-a83d-4c00-aba5-0ab14a39eec0	1	199144712	200422433	914	0.0492
dcd369bb-a83d-4c00-aba5-0ab14a39eec0	1	200423212	205416940	3394	0.1194
dcd369bb-a83d-4c00-aba5-0ab14a39eec0	1	205420332	205422831	3	-1.4884
dcd369bb-a83d-4c00-aba5-0ab14a39eec0	1	205423280	207031685	850	0.1404
dcd369bb-a83d-4c00-aba5-0ab14a39eec0	1	207035741	209897717	2236	0.0742
dcd369bb-a83d-4c00-aba5-0ab14a39eec0	1	209908268	209910639	3	-2.1756
dcd369bb-a83d-4c00-aba5-0ab14a39eec0	1	209913207	222862097	8946	0.0635
dcd369bb-a83d-4c00-aba5-0ab14a39eec0	1	222870129	237189438	9745	0.0985
dcd369bb-a83d-4c00-aba5-0ab14a39eec0	1	237194933	248930189	8299	0.0648
dcd369bb-a83d-4c00-aba5-0ab14a39eec0	2	12784	737505	518	0.0387
dcd369bb-a83d-4c00-aba5-0ab14a39eec0	2	742100	751300	4	-1.1694
dcd369bb-a83d-4c00-aba5-0ab14a39eec0	2	753378	4158097	2462	0.0527
dcd369bb-a83d-4c00-aba5-0ab14a39eec0	2	4166274	4175577	36	-0.7791
dcd369bb-a83d-4c00-aba5-0ab14a39eec0	2	4175922	8059409	3334	0.0523
dcd369bb-a83d-4c00-aba5-0ab14a39eec0	2	8059880	12163521	2923	0.1111
dcd369bb-a83d-4c00-aba5-0ab14a39eec0	2	12163567	12651078	441	0.0698
dcd369bb-a83d-4c00-aba5-0ab14a39eec0	2	12651535	15147207	1770	0.0164
dcd369bb-a83d-4c00-aba5-0ab14a39eec0	2	15147714	21437537	4605	0.0635
dcd369bb-a83d-4c00-aba5-0ab14a39eec0	2	21437962	22961455	923	0.0092
dcd369bb-a83d-4c00-aba5-0ab14a39eec0	2	22962056	34466002	7051	0.0885
dcd369bb-a83d-4c00-aba5-0ab14a39eec0	2	34474248	34492416	25	0.403
dcd369bb-a83d-4c00-aba5-0ab14a39eec0	2	34492601	34511990	21	0.8469
dcd369bb-a83d-4c00-aba5-0ab14a39eec0	2	34512096	35750907	870	0.0174
dcd369bb-a83d-4c00-aba5-0ab14a39eec0	2	35752724	35762850	6	-1.8558
dcd369bb-a83d-4c00-aba5-0ab14a39eec0	2	35762881	38727353	2304	0.0847
dcd369bb-a83d-4c00-aba5-0ab14a39eec0	2	38728724	38747742	10	0.7068
dcd369bb-a83d-4c00-aba5-0ab14a39eec0	2	38753780	40590358	1271	0.0605
dcd369bb-a83d-4c00-aba5-0ab14a39eec0	2	40591489	41072026	407	-0.0215
dcd369bb-a83d-4c00-aba5-0ab14a39eec0	2	41072169	48769405	5435	0.0875
dcd369bb-a83d-4c00-aba5-0ab14a39eec0	2	48769984	52038525	2374	0.0132
dcd369bb-a83d-4c00-aba5-0ab14a39eec0	2	52039769	52046762	2	-1.6333
dcd369bb-a83d-4c00-aba5-0ab14a39eec0	2	52047691	52527330	315	0.0317
dcd369bb-a83d-4c00-aba5-0ab14a39eec0	2	52527342	52554404	39	0.5574
dcd369bb-a83d-4c00-aba5-0ab14a39eec0	2	52560811	53420591	724	0.0099
dcd369bb-a83d-4c00-aba5-0ab14a39eec0	2	53420651	56429759	2108	0.0676
dcd369bb-a83d-4c00-aba5-0ab14a39eec0	2	56430295	60493622	2799	0.0155
dcd369bb-a83d-4c00-aba5-0ab14a39eec0	2	60496131	75565324	9157	0.0881
dcd369bb-a83d-4c00-aba5-0ab14a39eec0	2	75565500	84709076	5958	0.0068
dcd369bb-a83d-4c00-aba5-0ab14a39eec0	2	84709177	114323858	12874	0.0778
dcd369bb-a83d-4c00-aba5-0ab14a39eec0	2	114324111	117891853	2224	0.0208
dcd369bb-a83d-4c00-aba5-0ab14a39eec0	2	117895705	122242561	2695	0.0787
dcd369bb-a83d-4c00-aba5-0ab14a39eec0	2	122243953	125684646	2309	0.0149
dcd369bb-a83d-4c00-aba5-0ab14a39eec0	2	125694074	125694336	2	1.793
dcd369bb-a83d-4c00-aba5-0ab14a39eec0	2	125694355	126278609	344	0.0132
dcd369bb-a83d-4c00-aba5-0ab14a39eec0	2	126279569	138986773	7608	0.0601
dcd369bb-a83d-4c00-aba5-0ab14a39eec0	2	138988299	146107759	4417	0.014
dcd369bb-a83d-4c00-aba5-0ab14a39eec0	2	146107801	146120827	16	-0.4192
dcd369bb-a83d-4c00-aba5-0ab14a39eec0	2	146120842	151163408	2982	0.04
dcd369bb-a83d-4c00-aba5-0ab14a39eec0	2	151163421	152818494	1124	0.0823
dcd369bb-a83d-4c00-aba5-0ab14a39eec0	2	152818858	154004835	759	0.0136
dcd369bb-a83d-4c00-aba5-0ab14a39eec0	2	154008615	156031988	1152	-0.023
dcd369bb-a83d-4c00-aba5-0ab14a39eec0	2	156032191	169092819	7841	0.0359
dcd369bb-a83d-4c00-aba5-0ab14a39eec0	2	169095592	169106919	11	-1.1831
dcd369bb-a83d-4c00-aba5-0ab14a39eec0	2	169110664	176393786	4537	0.0711
dcd369bb-a83d-4c00-aba5-0ab14a39eec0	2	176394114	176402448	2	-1.5012
dcd369bb-a83d-4c00-aba5-0ab14a39eec0	2	176407805	183220725	4412	0.0395
dcd369bb-a83d-4c00-aba5-0ab14a39eec0	2	183221060	183224996	9	-0.9655
dcd369bb-a83d-4c00-aba5-0ab14a39eec0	2	183229270	200368779	9792	0.0255
dcd369bb-a83d-4c00-aba5-0ab14a39eec0	2	200368850	207693696	4440	0.0748
dcd369bb-a83d-4c00-aba5-0ab14a39eec0	2	207693899	214640374	4424	0.0115
dcd369bb-a83d-4c00-aba5-0ab14a39eec0	2	214640706	214846907	142	0.0623
dcd369bb-a83d-4c00-aba5-0ab14a39eec0	2	214850983	214851445	2	-1.612
dcd369bb-a83d-4c00-aba5-0ab14a39eec0	2	214851508	220356215	3512	0.0762
dcd369bb-a83d-4c00-aba5-0ab14a39eec0	2	220356322	221946890	1102	0.0093
dcd369bb-a83d-4c00-aba5-0ab14a39eec0	2	221947000	228256451	4199	0.0561
dcd369bb-a83d-4c00-aba5-0ab14a39eec0	2	228261112	228394089	82	0.02
dcd369bb-a83d-4c00-aba5-0ab14a39eec0	2	228397576	228401658	3	-0.8818
dcd369bb-a83d-4c00-aba5-0ab14a39eec0	2	228404140	229258290	582	0.0095
dcd369bb-a83d-4c00-aba5-0ab14a39eec0	2	229260240	241578355	7742	0.1002
dcd369bb-a83d-4c00-aba5-0ab14a39eec0	2	241585172	242147305	163	-0.0674
dcd369bb-a83d-4c00-aba5-0ab14a39eec0	3	20930	6604856	5808	0.0593
dcd369bb-a83d-4c00-aba5-0ab14a39eec0	3	6609441	6611645	23	-3.1833
dcd369bb-a83d-4c00-aba5-0ab14a39eec0	3	6613391	8645692	1766	0.0579
dcd369bb-a83d-4c00-aba5-0ab14a39eec0	3	8645767	16199049	5282	0.1049
dcd369bb-a83d-4c00-aba5-0ab14a39eec0	3	16199122	16199672	5	-3.4513
dcd369bb-a83d-4c00-aba5-0ab14a39eec0	3	16199818	26384700	6972	0.0442
dcd369bb-a83d-4c00-aba5-0ab14a39eec0	3	26392633	26397852	5	-1.1437
dcd369bb-a83d-4c00-aba5-0ab14a39eec0	3	26404482	26570116	118	0.0508
dcd369bb-a83d-4c00-aba5-0ab14a39eec0	3	26570158	26570675	12	-0.475
dcd369bb-a83d-4c00-aba5-0ab14a39eec0	3	26571710	30149632	2479	0.0467
dcd369bb-a83d-4c00-aba5-0ab14a39eec0	3	30151053	30151074	2	-1.2597
dcd369bb-a83d-4c00-aba5-0ab14a39eec0	3	30151286	30942665	645	0.0372
dcd369bb-a83d-4c00-aba5-0ab14a39eec0	3	30943490	34326393	2052	0.0828
dcd369bb-a83d-4c00-aba5-0ab14a39eec0	3	34327047	36581058	1550	0.0136
dcd369bb-a83d-4c00-aba5-0ab14a39eec0	3	36590559	46146030	6046	0.0845
dcd369bb-a83d-4c00-aba5-0ab14a39eec0	3	46146447	46790347	402	0.1601
dcd369bb-a83d-4c00-aba5-0ab14a39eec0	3	46790471	46790486	2	-1.0776
dcd369bb-a83d-4c00-aba5-0ab14a39eec0	3	46790521	51591066	1922	0.1359
dcd369bb-a83d-4c00-aba5-0ab14a39eec0	3	51593852	59523881	4965	0.0881
dcd369bb-a83d-4c00-aba5-0ab14a39eec0	3	59525670	68697013	7682	0.0586
dcd369bb-a83d-4c00-aba5-0ab14a39eec0	3	68697108	68698262	14	1.1904
dcd369bb-a83d-4c00-aba5-0ab14a39eec0	3	68699607	75519398	4925	0.0668
dcd369bb-a83d-4c00-aba5-0ab14a39eec0	3	75523398	75537654	6	1.1425
dcd369bb-a83d-4c00-aba5-0ab14a39eec0	3	75546030	75864091	70	0.1694
dcd369bb-a83d-4c00-aba5-0ab14a39eec0	3	75864822	97887828	10117	0.008
dcd369bb-a83d-4c00-aba5-0ab14a39eec0	3	97890523	102707244	2745	0.0683
dcd369bb-a83d-4c00-aba5-0ab14a39eec0	3	102715739	105830252	1991	0.0206
dcd369bb-a83d-4c00-aba5-0ab14a39eec0	3	105835736	121609160	9747	0.0637
dcd369bb-a83d-4c00-aba5-0ab14a39eec0	3	121609917	130044855	5024	0.1153
dcd369bb-a83d-4c00-aba5-0ab14a39eec0	3	130047743	130087393	37	0.6725
dcd369bb-a83d-4c00-aba5-0ab14a39eec0	3	130088081	130388066	163	0.1259
dcd369bb-a83d-4c00-aba5-0ab14a39eec0	3	130388245	162248755	19728	0.0655
dcd369bb-a83d-4c00-aba5-0ab14a39eec0	3	162251702	169611282	4307	0.0302
dcd369bb-a83d-4c00-aba5-0ab14a39eec0	3	169611375	175362822	3756	0.0756
dcd369bb-a83d-4c00-aba5-0ab14a39eec0	3	175362958	175363536	5	-0.9903
dcd369bb-a83d-4c00-aba5-0ab14a39eec0	3	175368999	182718773	4382	0.0611
dcd369bb-a83d-4c00-aba5-0ab14a39eec0	3	182719954	190265973	5079	0.0953
dcd369bb-a83d-4c00-aba5-0ab14a39eec0	3	190267108	193160113	2043	0.0625
dcd369bb-a83d-4c00-aba5-0ab14a39eec0	3	193160173	193165114	19	-1.611
dcd369bb-a83d-4c00-aba5-0ab14a39eec0	3	193168646	195559056	1479	0.1104
dcd369bb-a83d-4c00-aba5-0ab14a39eec0	3	195656271	195737995	41	-0.3019
dcd369bb-a83d-4c00-aba5-0ab14a39eec0	3	195746925	198169247	1168	0.1012
dcd369bb-a83d-4c00-aba5-0ab14a39eec0	4	68929	1059384	355	0.0219
dcd369bb-a83d-4c00-aba5-0ab14a39eec0	4	1060146	8704195	4728	0.1163
dcd369bb-a83d-4c00-aba5-0ab14a39eec0	4	8704538	9455251	69	-0.0602
dcd369bb-a83d-4c00-aba5-0ab14a39eec0	4	9459504	9477699	6	-1.3414
dcd369bb-a83d-4c00-aba5-0ab14a39eec0	4	9484440	10212536	541	0.1128
dcd369bb-a83d-4c00-aba5-0ab14a39eec0	4	10221792	10232642	30	-2.5622
dcd369bb-a83d-4c00-aba5-0ab14a39eec0	4	10232984	14930072	3829	0.0499
dcd369bb-a83d-4c00-aba5-0ab14a39eec0	4	14932172	14932483	2	-1.1771
dcd369bb-a83d-4c00-aba5-0ab14a39eec0	4	14934969	18381427	2439	0.0697
dcd369bb-a83d-4c00-aba5-0ab14a39eec0	4	18383969	22330366	2674	0.0212
dcd369bb-a83d-4c00-aba5-0ab14a39eec0	4	22330530	28294036	4049	0.0675
dcd369bb-a83d-4c00-aba5-0ab14a39eec0	4	28294156	34777432	3967	0.015
dcd369bb-a83d-4c00-aba5-0ab14a39eec0	4	34784878	34823103	38	0.427
dcd369bb-a83d-4c00-aba5-0ab14a39eec0	4	34828250	36553789	1158	-0.0075
dcd369bb-a83d-4c00-aba5-0ab14a39eec0	4	36554035	42541652	3915	0.0803
dcd369bb-a83d-4c00-aba5-0ab14a39eec0	4	42542419	45003738	1559	0.016
dcd369bb-a83d-4c00-aba5-0ab14a39eec0	4	45003835	45004318	4	-1.2461
dcd369bb-a83d-4c00-aba5-0ab14a39eec0	4	45008952	56535156	5450	0.0394
dcd369bb-a83d-4c00-aba5-0ab14a39eec0	4	56538320	65937166	5879	0.4767
dcd369bb-a83d-4c00-aba5-0ab14a39eec0	4	65939351	65940106	4	-0.9771
dcd369bb-a83d-4c00-aba5-0ab14a39eec0	4	65942580	68506285	1477	0.4573
dcd369bb-a83d-4c00-aba5-0ab14a39eec0	4	68509223	68686026	73	0.8077
dcd369bb-a83d-4c00-aba5-0ab14a39eec0	4	68725894	69257792	306	0.5011
dcd369bb-a83d-4c00-aba5-0ab14a39eec0	4	69261926	69366406	56	-0.7188
dcd369bb-a83d-4c00-aba5-0ab14a39eec0	4	69370433	74347101	3004	0.4663
dcd369bb-a83d-4c00-aba5-0ab14a39eec0	4	74347450	75150071	472	0.5246
dcd369bb-a83d-4c00-aba5-0ab14a39eec0	4	75150750	75153470	2	-0.9794
dcd369bb-a83d-4c00-aba5-0ab14a39eec0	4	75153709	77319150	1533	0.5254
dcd369bb-a83d-4c00-aba5-0ab14a39eec0	4	77322033	77325814	2	-0.7774
dcd369bb-a83d-4c00-aba5-0ab14a39eec0	4	77328649	83859144	3977	0.5079
dcd369bb-a83d-4c00-aba5-0ab14a39eec0	4	83859175	97432453	8315	0.4791
dcd369bb-a83d-4c00-aba5-0ab14a39eec0	4	97436283	97437154	2	-1.0306
dcd369bb-a83d-4c00-aba5-0ab14a39eec0	4	97439635	103824414	3704	0.4827
dcd369bb-a83d-4c00-aba5-0ab14a39eec0	4	103830473	103830480	5	-0.4881
dcd369bb-a83d-4c00-aba5-0ab14a39eec0	4	103830487	107147256	1873	0.4943
dcd369bb-a83d-4c00-aba5-0ab14a39eec0	4	107150362	107150471	3	-0.7373
dcd369bb-a83d-4c00-aba5-0ab14a39eec0	4	107150731	108464432	832	0.5059
dcd369bb-a83d-4c00-aba5-0ab14a39eec0	4	108466650	108467479	2	-0.7711
dcd369bb-a83d-4c00-aba5-0ab14a39eec0	4	108482941	114252544	3588	0.4848
dcd369bb-a83d-4c00-aba5-0ab14a39eec0	4	114254167	114261019	23	1.1528
dcd369bb-a83d-4c00-aba5-0ab14a39eec0	4	114263073	172066777	35051	0.4777
dcd369bb-a83d-4c00-aba5-0ab14a39eec0	4	172067997	172068382	12	-1.9945
dcd369bb-a83d-4c00-aba5-0ab14a39eec0	4	172074828	172501371	231	0.4583
dcd369bb-a83d-4c00-aba5-0ab14a39eec0	4	172503796	172519981	8	-0.2133
dcd369bb-a83d-4c00-aba5-0ab14a39eec0	4	172532557	181035767	5533	0.4747
dcd369bb-a83d-4c00-aba5-0ab14a39eec0	4	181038771	181040014	2	-1.5778
dcd369bb-a83d-4c00-aba5-0ab14a39eec0	4	181044446	182863300	1501	0.0176
dcd369bb-a83d-4c00-aba5-0ab14a39eec0	4	182870122	190106768	4798	0.5066
dcd369bb-a83d-4c00-aba5-0ab14a39eec0	5	15532	1268850	547	-0.0136
dcd369bb-a83d-4c00-aba5-0ab14a39eec0	5	1268869	11661534	8971	0.0663
dcd369bb-a83d-4c00-aba5-0ab14a39eec0	5	11662665	12800777	665	0.0187
dcd369bb-a83d-4c00-aba5-0ab14a39eec0	5	12815668	12826538	11	-1.9241
dcd369bb-a83d-4c00-aba5-0ab14a39eec0	5	12833745	17701021	3221	0.0583
dcd369bb-a83d-4c00-aba5-0ab14a39eec0	5	17701447	30845011	7788	-0.0015
dcd369bb-a83d-4c00-aba5-0ab14a39eec0	5	30848470	46271006	9447	0.0665
dcd369bb-a83d-4c00-aba5-0ab14a39eec0	5	46271828	46273400	6	-2.6797
dcd369bb-a83d-4c00-aba5-0ab14a39eec0	5	46278110	50610524	193	0.0837
dcd369bb-a83d-4c00-aba5-0ab14a39eec0	5	50613722	52390708	942	0.0013
dcd369bb-a83d-4c00-aba5-0ab14a39eec0	5	52392090	58030336	3936	0.0769
dcd369bb-a83d-4c00-aba5-0ab14a39eec0	5	58030453	58034306	10	-0.8013
dcd369bb-a83d-4c00-aba5-0ab14a39eec0	5	58034492	67944408	6367	0.0498
dcd369bb-a83d-4c00-aba5-0ab14a39eec0	5	67944467	82204346	7887	0.0798
dcd369bb-a83d-4c00-aba5-0ab14a39eec0	5	82204461	104515520	12587	0.0264
dcd369bb-a83d-4c00-aba5-0ab14a39eec0	5	104524672	104524903	4	2.4463
dcd369bb-a83d-4c00-aba5-0ab14a39eec0	5	104525348	109188715	2966	0.0044
dcd369bb-a83d-4c00-aba5-0ab14a39eec0	5	109188726	113817942	3274	0.061
dcd369bb-a83d-4c00-aba5-0ab14a39eec0	5	113822325	113831624	6	-1.3496
dcd369bb-a83d-4c00-aba5-0ab14a39eec0	5	113841208	130460664	11043	0.0357
dcd369bb-a83d-4c00-aba5-0ab14a39eec0	5	130462206	142854865	7125	0.0915
dcd369bb-a83d-4c00-aba5-0ab14a39eec0	5	142857412	168578342	17491	0.0541
dcd369bb-a83d-4c00-aba5-0ab14a39eec0	5	168581738	180947523	8101	0.1043
dcd369bb-a83d-4c00-aba5-0ab14a39eec0	5	180951710	180991103	19	-0.5782
dcd369bb-a83d-4c00-aba5-0ab14a39eec0	5	181006225	181363319	170	0.0615
dcd369bb-a83d-4c00-aba5-0ab14a39eec0	6	149661	254283	100	-0.6294
dcd369bb-a83d-4c00-aba5-0ab14a39eec0	6	257353	351376	63	-1.2487
dcd369bb-a83d-4c00-aba5-0ab14a39eec0	6	354489	1216291	777	-0.6858
dcd369bb-a83d-4c00-aba5-0ab14a39eec0	6	1216401	1216505	2	-2.8801
dcd369bb-a83d-4c00-aba5-0ab14a39eec0	6	1216702	1593295	344	-0.6844
dcd369bb-a83d-4c00-aba5-0ab14a39eec0	6	1593411	1596189	2	-3.9214
dcd369bb-a83d-4c00-aba5-0ab14a39eec0	6	1597922	14393133	9930	-0.6292
dcd369bb-a83d-4c00-aba5-0ab14a39eec0	6	14393847	14397133	5	-2.6401
dcd369bb-a83d-4c00-aba5-0ab14a39eec0	6	14397394	15424513	726	-0.5928
dcd369bb-a83d-4c00-aba5-0ab14a39eec0	6	15425085	15426411	3	-2.3401
dcd369bb-a83d-4c00-aba5-0ab14a39eec0	6	15427579	18788547	2532	-0.6123
dcd369bb-a83d-4c00-aba5-0ab14a39eec0	6	18789526	18789733	2	-3.1973
dcd369bb-a83d-4c00-aba5-0ab14a39eec0	6	18791200	19039888	213	-0.6468
dcd369bb-a83d-4c00-aba5-0ab14a39eec0	6	19041950	19042587	3	-4.1046
dcd369bb-a83d-4c00-aba5-0ab14a39eec0	6	19044471	31305926	7521	-0.6398
dcd369bb-a83d-4c00-aba5-0ab14a39eec0	6	31309909	31328674	13	0.3177
dcd369bb-a83d-4c00-aba5-0ab14a39eec0	6	31342147	32197667	331	-0.7131
dcd369bb-a83d-4c00-aba5-0ab14a39eec0	6	32197806	32212119	2	-3.462
dcd369bb-a83d-4c00-aba5-0ab14a39eec0	6	32212343	32463515	161	-0.7249
dcd369bb-a83d-4c00-aba5-0ab14a39eec0	6	32463775	32602588	34	1.1477
dcd369bb-a83d-4c00-aba5-0ab14a39eec0	6	32605994	32722250	76	-0.4568
dcd369bb-a83d-4c00-aba5-0ab14a39eec0	6	32723020	32723053	3	1.744
dcd369bb-a83d-4c00-aba5-0ab14a39eec0	6	32732907	33011832	190	-0.6759
dcd369bb-a83d-4c00-aba5-0ab14a39eec0	6	33011993	46109939	8271	-0.5953
dcd369bb-a83d-4c00-aba5-0ab14a39eec0	6	46114237	52533725	4001	-0.6698
dcd369bb-a83d-4c00-aba5-0ab14a39eec0	6	52537798	54066269	1133	0.0926
dcd369bb-a83d-4c00-aba5-0ab14a39eec0	6	54066286	54067057	8	0.9217
dcd369bb-a83d-4c00-aba5-0ab14a39eec0	6	54070550	64627049	4225	0.0315
dcd369bb-a83d-4c00-aba5-0ab14a39eec0	6	64637651	64639099	2	-2.7876
dcd369bb-a83d-4c00-aba5-0ab14a39eec0	6	64640883	66298393	1102	0.0109
dcd369bb-a83d-4c00-aba5-0ab14a39eec0	6	66299130	66338736	55	-1.0235
dcd369bb-a83d-4c00-aba5-0ab14a39eec0	6	66339513	67973720	1203	0.0167
dcd369bb-a83d-4c00-aba5-0ab14a39eec0	6	67973968	67977613	5	-1.0528
dcd369bb-a83d-4c00-aba5-0ab14a39eec0	6	67979297	72153222	2700	0.0352
dcd369bb-a83d-4c00-aba5-0ab14a39eec0	6	72156821	72157169	2	-2.3823
dcd369bb-a83d-4c00-aba5-0ab14a39eec0	6	72158860	76305231	2566	0.0512
dcd369bb-a83d-4c00-aba5-0ab14a39eec0	6	76307183	76307209	3	-1.9008
dcd369bb-a83d-4c00-aba5-0ab14a39eec0	6	76307276	76726815	296	0.0117
dcd369bb-a83d-4c00-aba5-0ab14a39eec0	6	76730151	76742665	15	-4.2771
dcd369bb-a83d-4c00-aba5-0ab14a39eec0	6	76742675	76743040	6	-1.6334
dcd369bb-a83d-4c00-aba5-0ab14a39eec0	6	76751356	78259348	976	0.0368
dcd369bb-a83d-4c00-aba5-0ab14a39eec0	6	78259388	78322875	108	-0.8184
dcd369bb-a83d-4c00-aba5-0ab14a39eec0	6	78325223	78331916	6	-0.2687
dcd369bb-a83d-4c00-aba5-0ab14a39eec0	6	78332002	91963295	8621	0.055
dcd369bb-a83d-4c00-aba5-0ab14a39eec0	6	91964501	95567681	2154	0.0095
dcd369bb-a83d-4c00-aba5-0ab14a39eec0	6	95571761	95594314	16	-0.7236
dcd369bb-a83d-4c00-aba5-0ab14a39eec0	6	95599660	103286954	4662	0.0116
dcd369bb-a83d-4c00-aba5-0ab14a39eec0	6	103290101	103314186	46	-1.662
dcd369bb-a83d-4c00-aba5-0ab14a39eec0	6	103317795	105492849	1344	0.0184
dcd369bb-a83d-4c00-aba5-0ab14a39eec0	6	105494191	112405837	4325	0.0863
dcd369bb-a83d-4c00-aba5-0ab14a39eec0	6	112406752	130131975	10768	0.034
dcd369bb-a83d-4c00-aba5-0ab14a39eec0	6	130133179	135014291	3344	0.0644
dcd369bb-a83d-4c00-aba5-0ab14a39eec0	6	135021116	135022100	2	-1.5173
dcd369bb-a83d-4c00-aba5-0ab14a39eec0	6	135028432	139656193	3211	0.0696
dcd369bb-a83d-4c00-aba5-0ab14a39eec0	6	139656523	148007231	5139	0.0387
dcd369bb-a83d-4c00-aba5-0ab14a39eec0	6	148007489	153315911	3874	0.0811
dcd369bb-a83d-4c00-aba5-0ab14a39eec0	6	153315991	154113999	569	-0.0162
dcd369bb-a83d-4c00-aba5-0ab14a39eec0	6	154114097	157358463	2170	0.0663
dcd369bb-a83d-4c00-aba5-0ab14a39eec0	6	157360232	157375044	3	-1.7451
dcd369bb-a83d-4c00-aba5-0ab14a39eec0	6	157375962	170741917	9375	0.0731
dcd369bb-a83d-4c00-aba5-0ab14a39eec0	7	43355	8385221	4702	0.0938
dcd369bb-a83d-4c00-aba5-0ab14a39eec0	7	8385295	13543641	4130	0.0251
dcd369bb-a83d-4c00-aba5-0ab14a39eec0	7	13547787	13551572	8	-0.7758
dcd369bb-a83d-4c00-aba5-0ab14a39eec0	7	13551859	16328302	2286	0.0191
dcd369bb-a83d-4c00-aba5-0ab14a39eec0	7	16330418	29648549	10297	0.0656
dcd369bb-a83d-4c00-aba5-0ab14a39eec0	7	29650069	29650443	2	-1.4316
dcd369bb-a83d-4c00-aba5-0ab14a39eec0	7	29651467	38347842	6037	0.072
dcd369bb-a83d-4c00-aba5-0ab14a39eec0	7	38351764	38356875	4	-1.2049
dcd369bb-a83d-4c00-aba5-0ab14a39eec0	7	38361356	48521499	6717	0.0742
dcd369bb-a83d-4c00-aba5-0ab14a39eec0	7	48527238	54578540	4429	0.0319
dcd369bb-a83d-4c00-aba5-0ab14a39eec0	7	54580713	70955452	5967	0.0711
dcd369bb-a83d-4c00-aba5-0ab14a39eec0	7	70958264	70961155	2	-2.577
dcd369bb-a83d-4c00-aba5-0ab14a39eec0	7	70963257	72556486	1076	0.1113
dcd369bb-a83d-4c00-aba5-0ab14a39eec0	7	72556798	72567077	3	-1.1341
dcd369bb-a83d-4c00-aba5-0ab14a39eec0	7	72570771	78372681	2067	0.116
dcd369bb-a83d-4c00-aba5-0ab14a39eec0	7	78372707	96764481	11901	0.0325
dcd369bb-a83d-4c00-aba5-0ab14a39eec0	7	96779613	97766148	644	0.0747
dcd369bb-a83d-4c00-aba5-0ab14a39eec0	7	97766150	97766159	5	0.9877
dcd369bb-a83d-4c00-aba5-0ab14a39eec0	7	97766194	99171402	712	0.0742
dcd369bb-a83d-4c00-aba5-0ab14a39eec0	7	99171891	102424608	1335	0.1333
dcd369bb-a83d-4c00-aba5-0ab14a39eec0	7	102425330	112964218	6632	0.0676
dcd369bb-a83d-4c00-aba5-0ab14a39eec0	7	112964456	127132907	8508	0.0186
dcd369bb-a83d-4c00-aba5-0ab14a39eec0	7	127132955	134100424	4184	0.0871
dcd369bb-a83d-4c00-aba5-0ab14a39eec0	7	134100442	134114444	36	0.538
dcd369bb-a83d-4c00-aba5-0ab14a39eec0	7	134121491	138251903	2842	0.0467
dcd369bb-a83d-4c00-aba5-0ab14a39eec0	7	138254580	143425102	3199	0.0854
dcd369bb-a83d-4c00-aba5-0ab14a39eec0	7	143425331	143790571	103	0.0471
dcd369bb-a83d-4c00-aba5-0ab14a39eec0	7	143799657	143849991	11	-0.4773
dcd369bb-a83d-4c00-aba5-0ab14a39eec0	7	143850179	147869680	2574	0.0398
dcd369bb-a83d-4c00-aba5-0ab14a39eec0	7	147869926	153157271	3025	0.0987
dcd369bb-a83d-4c00-aba5-0ab14a39eec0	7	153157614	154598185	1088	0.0546
dcd369bb-a83d-4c00-aba5-0ab14a39eec0	7	154601461	154605369	3	1.351
dcd369bb-a83d-4c00-aba5-0ab14a39eec0	7	154607903	158740572	2851	0.0831
dcd369bb-a83d-4c00-aba5-0ab14a39eec0	7	158746701	158748262	2	-1.1709
dcd369bb-a83d-4c00-aba5-0ab14a39eec0	7	158751043	159334314	375	0.0233
dcd369bb-a83d-4c00-aba5-0ab14a39eec0	8	81254	17693473	15719	0.4892
dcd369bb-a83d-4c00-aba5-0ab14a39eec0	8	17693496	23953663	4912	0.5425
dcd369bb-a83d-4c00-aba5-0ab14a39eec0	8	23955961	25114672	827	0.5039
dcd369bb-a83d-4c00-aba5-0ab14a39eec0	8	25116928	25126818	27	-0.4912
dcd369bb-a83d-4c00-aba5-0ab14a39eec0	8	25133589	29234136	3001	0.5462
dcd369bb-a83d-4c00-aba5-0ab14a39eec0	8	29239336	29245989	2	-1.0046
dcd369bb-a83d-4c00-aba5-0ab14a39eec0	8	29246480	32821348	2426	0.5342
dcd369bb-a83d-4c00-aba5-0ab14a39eec0	8	32825580	32830685	7	-0.2186
dcd369bb-a83d-4c00-aba5-0ab14a39eec0	8	32830895	36215045	1874	0.513
dcd369bb-a83d-4c00-aba5-0ab14a39eec0	8	36215384	36219621	4	-1.317
dcd369bb-a83d-4c00-aba5-0ab14a39eec0	8	36220823	49640298	6049	0.5271
dcd369bb-a83d-4c00-aba5-0ab14a39eec0	8	49641829	65295678	10074	0.491
dcd369bb-a83d-4c00-aba5-0ab14a39eec0	8	65296186	70041692	2830	0.5147
dcd369bb-a83d-4c00-aba5-0ab14a39eec0	8	70042037	70042599	6	-0.481
dcd369bb-a83d-4c00-aba5-0ab14a39eec0	8	70048926	71166600	590	0.5343
dcd369bb-a83d-4c00-aba5-0ab14a39eec0	8	71168831	71300130	103	0.0576
dcd369bb-a83d-4c00-aba5-0ab14a39eec0	8	71303076	71304364	8	-1.6945
dcd369bb-a83d-4c00-aba5-0ab14a39eec0	8	71307628	71402751	78	0.0519
dcd369bb-a83d-4c00-aba5-0ab14a39eec0	8	71411997	79113568	4850	0.5041
dcd369bb-a83d-4c00-aba5-0ab14a39eec0	8	79117792	82126270	1772	-0.653
dcd369bb-a83d-4c00-aba5-0ab14a39eec0	8	82128403	94576222	7157	0.4847
dcd369bb-a83d-4c00-aba5-0ab14a39eec0	8	94576978	99823863	3228	0.5266
dcd369bb-a83d-4c00-aba5-0ab14a39eec0	8	99824942	99831798	2	-0.9446
dcd369bb-a83d-4c00-aba5-0ab14a39eec0	8	99835587	103164340	2171	0.5452
dcd369bb-a83d-4c00-aba5-0ab14a39eec0	8	103164978	108607716	3356	0.4979
dcd369bb-a83d-4c00-aba5-0ab14a39eec0	8	108608648	108609052	2	-1.2345
dcd369bb-a83d-4c00-aba5-0ab14a39eec0	8	108612544	111279265	1480	0.468
dcd369bb-a83d-4c00-aba5-0ab14a39eec0	8	111282050	111283031	10	1.5497
dcd369bb-a83d-4c00-aba5-0ab14a39eec0	8	111288052	114599367	1804	0.4559
dcd369bb-a83d-4c00-aba5-0ab14a39eec0	8	114600259	119096137	3136	0.508
dcd369bb-a83d-4c00-aba5-0ab14a39eec0	8	119098848	119099172	3	-1.6195
dcd369bb-a83d-4c00-aba5-0ab14a39eec0	8	119100829	145072769	17967	0.5274
dcd369bb-a83d-4c00-aba5-0ab14a39eec0	9	46587	5079156	5241	0.0705
dcd369bb-a83d-4c00-aba5-0ab14a39eec0	9	5081416	5081766	8	-0.7578
dcd369bb-a83d-4c00-aba5-0ab14a39eec0	9	5081852	6990926	1358	0.0714
dcd369bb-a83d-4c00-aba5-0ab14a39eec0	9	6993701	6993827	3	-1.3492
dcd369bb-a83d-4c00-aba5-0ab14a39eec0	9	6993848	9232141	2204	0.053
dcd369bb-a83d-4c00-aba5-0ab14a39eec0	9	9232365	12763451	3033	0.0129
dcd369bb-a83d-4c00-aba5-0ab14a39eec0	9	12764312	22492890	7979	0.0671
dcd369bb-a83d-4c00-aba5-0ab14a39eec0	9	22501914	22502700	2	-4.264
dcd369bb-a83d-4c00-aba5-0ab14a39eec0	9	22509341	23361807	580	0.0465
dcd369bb-a83d-4c00-aba5-0ab14a39eec0	9	23363117	23373486	8	-2.7658
dcd369bb-a83d-4c00-aba5-0ab14a39eec0	9	23378490	25668207	1673	0.0135
dcd369bb-a83d-4c00-aba5-0ab14a39eec0	9	25668444	28185538	1981	0.0622
dcd369bb-a83d-4c00-aba5-0ab14a39eec0	9	28185973	32077550	2735	0.0084
dcd369bb-a83d-4c00-aba5-0ab14a39eec0	9	32077597	42709863	4501	0.1059
dcd369bb-a83d-4c00-aba5-0ab14a39eec0	9	42711956	42715233	2	1.5933
dcd369bb-a83d-4c00-aba5-0ab14a39eec0	9	42715632	72532833	3417	0.0771
dcd369bb-a83d-4c00-aba5-0ab14a39eec0	9	72534956	72665695	85	0.0215
dcd369bb-a83d-4c00-aba5-0ab14a39eec0	9	72670072	72670153	2	-1.1611
dcd369bb-a83d-4c00-aba5-0ab14a39eec0	9	72670987	75035532	1466	0.019
dcd369bb-a83d-4c00-aba5-0ab14a39eec0	9	75037688	76938265	1586	0.0937
dcd369bb-a83d-4c00-aba5-0ab14a39eec0	9	76939544	76951948	6	-1.0681
dcd369bb-a83d-4c00-aba5-0ab14a39eec0	9	76951973	84153709	5034	0.0597
dcd369bb-a83d-4c00-aba5-0ab14a39eec0	9	84154227	93708675	6743	0.0956
dcd369bb-a83d-4c00-aba5-0ab14a39eec0	9	93710664	93711682	2	-1.4433
dcd369bb-a83d-4c00-aba5-0ab14a39eec0	9	93714940	99386218	3728	0.1066
dcd369bb-a83d-4c00-aba5-0ab14a39eec0	9	99388204	101272392	1123	0.0731
dcd369bb-a83d-4c00-aba5-0ab14a39eec0	9	101272568	104597685	2448	0.0251
dcd369bb-a83d-4c00-aba5-0ab14a39eec0	9	104597733	121508607	13083	0.0744
dcd369bb-a83d-4c00-aba5-0ab14a39eec0	9	121508783	135215724	8206	0.1353
dcd369bb-a83d-4c00-aba5-0ab14a39eec0	9	135224871	135455763	169	-0.0076
dcd369bb-a83d-4c00-aba5-0ab14a39eec0	9	135455962	138044300	893	0.1198
dcd369bb-a83d-4c00-aba5-0ab14a39eec0	9	138044505	138080889	39	-0.2117
dcd369bb-a83d-4c00-aba5-0ab14a39eec0	9	138081065	138200944	79	0.0313
dcd369bb-a83d-4c00-aba5-0ab14a39eec0	10	45792	104067	26	-0.3845
dcd369bb-a83d-4c00-aba5-0ab14a39eec0	10	104604	3138965	2538	-0.6928
dcd369bb-a83d-4c00-aba5-0ab14a39eec0	10	3139834	24088745	16540	-0.6176
dcd369bb-a83d-4c00-aba5-0ab14a39eec0	10	24088746	24089125	10	-2.6073
dcd369bb-a83d-4c00-aba5-0ab14a39eec0	10	24089979	26933116	1977	-0.6421
dcd369bb-a83d-4c00-aba5-0ab14a39eec0	10	26934974	26941064	15	0.1759
dcd369bb-a83d-4c00-aba5-0ab14a39eec0	10	26941746	38783075	7823	-0.5978
dcd369bb-a83d-4c00-aba5-0ab14a39eec0	10	38783090	45139438	2075	0.0918
dcd369bb-a83d-4c00-aba5-0ab14a39eec0	10	45142115	46059423	326	0.4764
dcd369bb-a83d-4c00-aba5-0ab14a39eec0	10	46068681	46249144	88	-0.7646
dcd369bb-a83d-4c00-aba5-0ab14a39eec0	10	46250682	49796090	1771	-0.6101
dcd369bb-a83d-4c00-aba5-0ab14a39eec0	10	49799179	49799854	2	-2.4661
dcd369bb-a83d-4c00-aba5-0ab14a39eec0	10	49802527	52230293	1634	-0.6202
dcd369bb-a83d-4c00-aba5-0ab14a39eec0	10	52240883	56756643	3269	-0.6863
dcd369bb-a83d-4c00-aba5-0ab14a39eec0	10	56756761	56767077	39	-2.1686
dcd369bb-a83d-4c00-aba5-0ab14a39eec0	10	56772992	57043954	221	-0.6279
dcd369bb-a83d-4c00-aba5-0ab14a39eec0	10	57044057	57044251	2	-2.317
dcd369bb-a83d-4c00-aba5-0ab14a39eec0	10	57048194	57334433	222	-0.633
dcd369bb-a83d-4c00-aba5-0ab14a39eec0	10	57334648	57335443	9	0.0746
dcd369bb-a83d-4c00-aba5-0ab14a39eec0	10	57335528	57443289	95	-0.6708
dcd369bb-a83d-4c00-aba5-0ab14a39eec0	10	57450745	57451013	4	-2.431
dcd369bb-a83d-4c00-aba5-0ab14a39eec0	10	57458735	65548951	5539	-0.6488
dcd369bb-a83d-4c00-aba5-0ab14a39eec0	10	65548979	65554672	20	-1.8126
dcd369bb-a83d-4c00-aba5-0ab14a39eec0	10	65554688	67487209	1405	-0.687
dcd369bb-a83d-4c00-aba5-0ab14a39eec0	10	67487411	77448298	6140	-0.5837
dcd369bb-a83d-4c00-aba5-0ab14a39eec0	10	77449301	77456665	10	-1.3769
dcd369bb-a83d-4c00-aba5-0ab14a39eec0	10	77456793	80913943	2388	-0.5973
dcd369bb-a83d-4c00-aba5-0ab14a39eec0	10	80914046	87828714	4725	-0.6493
dcd369bb-a83d-4c00-aba5-0ab14a39eec0	10	87838937	87870165	35	-1.5218
dcd369bb-a83d-4c00-aba5-0ab14a39eec0	10	87871755	87920792	95	-0.984
dcd369bb-a83d-4c00-aba5-0ab14a39eec0	10	87920879	87976151	90	-1.4023
dcd369bb-a83d-4c00-aba5-0ab14a39eec0	10	87977344	89178916	878	-0.6265
dcd369bb-a83d-4c00-aba5-0ab14a39eec0	10	89183210	89188152	9	-2.1687
dcd369bb-a83d-4c00-aba5-0ab14a39eec0	10	89188211	95516860	3924	-0.6083
dcd369bb-a83d-4c00-aba5-0ab14a39eec0	10	95517053	95519693	4	-3.583
dcd369bb-a83d-4c00-aba5-0ab14a39eec0	10	95519925	104520417	5291	-0.5766
dcd369bb-a83d-4c00-aba5-0ab14a39eec0	10	104522837	109212380	3522	-0.6375
dcd369bb-a83d-4c00-aba5-0ab14a39eec0	10	109212600	109215691	3	-2.4901
dcd369bb-a83d-4c00-aba5-0ab14a39eec0	10	109216226	133654968	17525	-0.626
dcd369bb-a83d-4c00-aba5-0ab14a39eec0	11	198510	5766175	3227	0.0812
dcd369bb-a83d-4c00-aba5-0ab14a39eec0	11	5766850	5787909	32	-0.6505
dcd369bb-a83d-4c00-aba5-0ab14a39eec0	11	5788108	21170600	11482	0.0896
dcd369bb-a83d-4c00-aba5-0ab14a39eec0	11	21170838	25197565	2919	0.0087
dcd369bb-a83d-4c00-aba5-0ab14a39eec0	11	25197599	25199466	2	-2.125
dcd369bb-a83d-4c00-aba5-0ab14a39eec0	11	25202707	31705507	4284	0.0343
dcd369bb-a83d-4c00-aba5-0ab14a39eec0	11	31706059	36810974	3962	0.0841
dcd369bb-a83d-4c00-aba5-0ab14a39eec0	11	36811341	43421506	4409	0.0224
dcd369bb-a83d-4c00-aba5-0ab14a39eec0	11	43425016	48505847	2922	0.1152
dcd369bb-a83d-4c00-aba5-0ab14a39eec0	11	48507123	48576870	35	0.0332
dcd369bb-a83d-4c00-aba5-0ab14a39eec0	11	48579882	48581124	2	-1.6977
dcd369bb-a83d-4c00-aba5-0ab14a39eec0	11	48584766	55608547	1181	0.0434
dcd369bb-a83d-4c00-aba5-0ab14a39eec0	11	55608760	55674842	43	0.3419
dcd369bb-a83d-4c00-aba5-0ab14a39eec0	11	55676735	57236800	1068	0.018
dcd369bb-a83d-4c00-aba5-0ab14a39eec0	11	57238113	60496849	1910	0.0816
dcd369bb-a83d-4c00-aba5-0ab14a39eec0	11	60500297	64825436	2149	0.1441
dcd369bb-a83d-4c00-aba5-0ab14a39eec0	11	64828200	65906682	409	0.0256
dcd369bb-a83d-4c00-aba5-0ab14a39eec0	11	65906792	78991481	6685	0.1237
dcd369bb-a83d-4c00-aba5-0ab14a39eec0	11	78993103	80256642	1035	0.0872
dcd369bb-a83d-4c00-aba5-0ab14a39eec0	11	80256657	82584090	1869	0.024
dcd369bb-a83d-4c00-aba5-0ab14a39eec0	11	82584921	87565383	3299	0.0714
dcd369bb-a83d-4c00-aba5-0ab14a39eec0	11	87565704	93503516	3889	0.0335
dcd369bb-a83d-4c00-aba5-0ab14a39eec0	11	93504311	96607707	2260	0.0812
dcd369bb-a83d-4c00-aba5-0ab14a39eec0	11	96609012	100447286	2847	0.0173
dcd369bb-a83d-4c00-aba5-0ab14a39eec0	11	100447443	101013532	455	0.0564
dcd369bb-a83d-4c00-aba5-0ab14a39eec0	11	101014029	101060609	83	-0.1653
dcd369bb-a83d-4c00-aba5-0ab14a39eec0	11	101060900	111386477	6973	0.0463
dcd369bb-a83d-4c00-aba5-0ab14a39eec0	11	111386510	132468010	15327	0.0939
dcd369bb-a83d-4c00-aba5-0ab14a39eec0	11	132468251	135074876	1976	0.0446
dcd369bb-a83d-4c00-aba5-0ab14a39eec0	12	51460	2136950	1260	-0.6488
dcd369bb-a83d-4c00-aba5-0ab14a39eec0	12	2138266	2139015	2	-7.3858
dcd369bb-a83d-4c00-aba5-0ab14a39eec0	12	2141494	2148754	35	-1.6452
dcd369bb-a83d-4c00-aba5-0ab14a39eec0	12	2148857	8404097	4274	-0.5875
dcd369bb-a83d-4c00-aba5-0ab14a39eec0	12	8405892	8442298	19	0.2206
dcd369bb-a83d-4c00-aba5-0ab14a39eec0	12	8442935	9474642	552	-0.5782
dcd369bb-a83d-4c00-aba5-0ab14a39eec0	12	9477960	9582374	27	0.0482
dcd369bb-a83d-4c00-aba5-0ab14a39eec0	12	9583090	11060192	1027	-0.6201
dcd369bb-a83d-4c00-aba5-0ab14a39eec0	12	11061546	11099275	15	-1.3916
dcd369bb-a83d-4c00-aba5-0ab14a39eec0	12	11104230	11800969	550	-0.5549
dcd369bb-a83d-4c00-aba5-0ab14a39eec0	12	11801723	11802415	3	-2.3406
dcd369bb-a83d-4c00-aba5-0ab14a39eec0	12	11802475	13030170	896	-0.5536
dcd369bb-a83d-4c00-aba5-0ab14a39eec0	12	13030477	20434027	4873	-0.6382
dcd369bb-a83d-4c00-aba5-0ab14a39eec0	12	20434283	20452282	11	-1.437
dcd369bb-a83d-4c00-aba5-0ab14a39eec0	12	20452573	34122471	9764	-0.6314
dcd369bb-a83d-4c00-aba5-0ab14a39eec0	12	34122859	34682902	193	-0.5519
dcd369bb-a83d-4c00-aba5-0ab14a39eec0	12	34701563	45506042	4795	0.0468
dcd369bb-a83d-4c00-aba5-0ab14a39eec0	12	45510655	45515754	4	1.061
dcd369bb-a83d-4c00-aba5-0ab14a39eec0	12	45519509	46825617	751	0.0797
dcd369bb-a83d-4c00-aba5-0ab14a39eec0	12	46825650	58327448	6438	0.1193
dcd369bb-a83d-4c00-aba5-0ab14a39eec0	12	58336368	58336379	2	-1.342
dcd369bb-a83d-4c00-aba5-0ab14a39eec0	12	58337065	61880090	2311	0.0354
dcd369bb-a83d-4c00-aba5-0ab14a39eec0	12	61882031	61885198	9	-1.1645
dcd369bb-a83d-4c00-aba5-0ab14a39eec0	12	61885690	70051302	5405	0.0819
dcd369bb-a83d-4c00-aba5-0ab14a39eec0	12	70052336	91396943	13157	0.0305
dcd369bb-a83d-4c00-aba5-0ab14a39eec0	12	91397504	103290507	7992	0.076
dcd369bb-a83d-4c00-aba5-0ab14a39eec0	12	103291199	111534475	5445	0.1161
dcd369bb-a83d-4c00-aba5-0ab14a39eec0	12	111540340	111542193	3	-1.2053
dcd369bb-a83d-4c00-aba5-0ab14a39eec0	12	111546903	119546020	5828	0.1043
dcd369bb-a83d-4c00-aba5-0ab14a39eec0	12	119551082	119552943	15	-0.8223
dcd369bb-a83d-4c00-aba5-0ab14a39eec0	12	119552956	125160460	2832	0.1445
dcd369bb-a83d-4c00-aba5-0ab14a39eec0	12	125162516	133201603	6200	0.0686
dcd369bb-a83d-4c00-aba5-0ab14a39eec0	13	18452809	18463712	2	0.5911
dcd369bb-a83d-4c00-aba5-0ab14a39eec0	13	18469956	53068906	23619	-0.6283
dcd369bb-a83d-4c00-aba5-0ab14a39eec0	13	53069235	70193884	10217	-0.6824
dcd369bb-a83d-4c00-aba5-0ab14a39eec0	13	70197424	70670775	333	-0.0121
dcd369bb-a83d-4c00-aba5-0ab14a39eec0	13	70672514	71362740	436	-0.7092
dcd369bb-a83d-4c00-aba5-0ab14a39eec0	13	71366409	72481901	773	-0.0085
dcd369bb-a83d-4c00-aba5-0ab14a39eec0	13	72484460	73136870	405	-0.6322
dcd369bb-a83d-4c00-aba5-0ab14a39eec0	13	73139738	73583780	363	0.0392
dcd369bb-a83d-4c00-aba5-0ab14a39eec0	13	73588558	73842492	187	-0.6509
dcd369bb-a83d-4c00-aba5-0ab14a39eec0	13	73850426	73991513	113	0.0514
dcd369bb-a83d-4c00-aba5-0ab14a39eec0	13	73994260	79496152	3805	-0.6532
dcd369bb-a83d-4c00-aba5-0ab14a39eec0	13	79505046	79576244	42	-0.0007
dcd369bb-a83d-4c00-aba5-0ab14a39eec0	13	79580999	82590399	1872	-0.6723
dcd369bb-a83d-4c00-aba5-0ab14a39eec0	13	82594832	82596543	2	-3.6587
dcd369bb-a83d-4c00-aba5-0ab14a39eec0	13	82598520	84760667	1379	-0.7011
dcd369bb-a83d-4c00-aba5-0ab14a39eec0	13	84762831	84850427	59	-0.0229
dcd369bb-a83d-4c00-aba5-0ab14a39eec0	13	84850486	85066771	182	-0.6878
dcd369bb-a83d-4c00-aba5-0ab14a39eec0	13	85070021	85204605	83	-0.0361
dcd369bb-a83d-4c00-aba5-0ab14a39eec0	13	85209473	85834386	421	-0.7212
dcd369bb-a83d-4c00-aba5-0ab14a39eec0	13	85837312	85976905	75	-0.0524
dcd369bb-a83d-4c00-aba5-0ab14a39eec0	13	85989758	86097661	86	-0.7805
dcd369bb-a83d-4c00-aba5-0ab14a39eec0	13	86108762	86290176	66	-0.0936
dcd369bb-a83d-4c00-aba5-0ab14a39eec0	13	86299688	86764256	272	-0.7023
dcd369bb-a83d-4c00-aba5-0ab14a39eec0	13	86774934	90659637	2245	-0.007
dcd369bb-a83d-4c00-aba5-0ab14a39eec0	13	90662026	91343838	443	-0.6748
dcd369bb-a83d-4c00-aba5-0ab14a39eec0	13	91353698	92770081	956	0.0163
dcd369bb-a83d-4c00-aba5-0ab14a39eec0	13	92772839	103548667	7629	0.0697
dcd369bb-a83d-4c00-aba5-0ab14a39eec0	13	103553463	105333588	1473	0.0101
dcd369bb-a83d-4c00-aba5-0ab14a39eec0	13	105333930	105333955	2	-1.7856
dcd369bb-a83d-4c00-aba5-0ab14a39eec0	13	105335612	110262788	3993	0.0546
dcd369bb-a83d-4c00-aba5-0ab14a39eec0	13	110264987	110423569	173	-0.6624
dcd369bb-a83d-4c00-aba5-0ab14a39eec0	13	110429327	114342922	2253	0.1018
dcd369bb-a83d-4c00-aba5-0ab14a39eec0	14	18239283	18646056	16	0.3197
dcd369bb-a83d-4c00-aba5-0ab14a39eec0	14	18656322	19078442	16	0.8625
dcd369bb-a83d-4c00-aba5-0ab14a39eec0	14	19110634	19430665	24	-0.0538
dcd369bb-a83d-4c00-aba5-0ab14a39eec0	14	19445992	19955213	111	-0.384
dcd369bb-a83d-4c00-aba5-0ab14a39eec0	14	19956767	25726871	3915	0.0888
dcd369bb-a83d-4c00-aba5-0ab14a39eec0	14	25730546	30597075	2875	0.0248
dcd369bb-a83d-4c00-aba5-0ab14a39eec0	14	30597419	32567451	1143	0.0775
dcd369bb-a83d-4c00-aba5-0ab14a39eec0	14	32572026	38325335	3883	-0.6401
dcd369bb-a83d-4c00-aba5-0ab14a39eec0	14	38330250	38330800	8	-2.0351
dcd369bb-a83d-4c00-aba5-0ab14a39eec0	14	38330993	39841154	869	-0.6058
dcd369bb-a83d-4c00-aba5-0ab14a39eec0	14	39843666	44732341	3025	-0.6835
dcd369bb-a83d-4c00-aba5-0ab14a39eec0	14	44732899	63514013	11978	-0.6224
dcd369bb-a83d-4c00-aba5-0ab14a39eec0	14	63514806	75881269	7601	-0.5766
dcd369bb-a83d-4c00-aba5-0ab14a39eec0	14	75881373	75882339	6	-2.4573
dcd369bb-a83d-4c00-aba5-0ab14a39eec0	14	75884780	78053733	1507	-0.5852
dcd369bb-a83d-4c00-aba5-0ab14a39eec0	14	78054772	82004385	2690	-0.6373
dcd369bb-a83d-4c00-aba5-0ab14a39eec0	14	82004789	82008094	2	-2.7229
dcd369bb-a83d-4c00-aba5-0ab14a39eec0	14	82008805	87646031	3744	-0.6549
dcd369bb-a83d-4c00-aba5-0ab14a39eec0	14	87649176	96922107	6284	-0.5882
dcd369bb-a83d-4c00-aba5-0ab14a39eec0	14	96922832	96925184	4	-2.7407
dcd369bb-a83d-4c00-aba5-0ab14a39eec0	14	96925992	99204108	1979	-0.6404
dcd369bb-a83d-4c00-aba5-0ab14a39eec0	14	99205261	106679597	3418	-0.5643
dcd369bb-a83d-4c00-aba5-0ab14a39eec0	14	106681814	106877229	101	-0.6834
dcd369bb-a83d-4c00-aba5-0ab14a39eec0	15	19811075	20372811	86	0.1124
dcd369bb-a83d-4c00-aba5-0ab14a39eec0	15	20372908	20670516	64	0.3925
dcd369bb-a83d-4c00-aba5-0ab14a39eec0	15	20670989	21085447	16	0.906
dcd369bb-a83d-4c00-aba5-0ab14a39eec0	15	21096887	21417107	9	0.4575
dcd369bb-a83d-4c00-aba5-0ab14a39eec0	15	21975606	39574148	10934	0.0744
dcd369bb-a83d-4c00-aba5-0ab14a39eec0	15	39575306	42095920	1324	0.1242
dcd369bb-a83d-4c00-aba5-0ab14a39eec0	15	42096809	42097979	2	-1.1011
dcd369bb-a83d-4c00-aba5-0ab14a39eec0	15	42098025	45767352	1697	0.1274
dcd369bb-a83d-4c00-aba5-0ab14a39eec0	15	45768989	47226922	943	0.0694
dcd369bb-a83d-4c00-aba5-0ab14a39eec0	15	47227348	47227357	2	-1.5264
dcd369bb-a83d-4c00-aba5-0ab14a39eec0	15	47233464	57629718	6746	0.084
dcd369bb-a83d-4c00-aba5-0ab14a39eec0	15	57633530	92172480	22176	0.1187
dcd369bb-a83d-4c00-aba5-0ab14a39eec0	15	92172716	92258908	156	0.0575
dcd369bb-a83d-4c00-aba5-0ab14a39eec0	15	92261205	92263243	33	-0.3501
dcd369bb-a83d-4c00-aba5-0ab14a39eec0	15	92267541	97761043	4240	0.0808
dcd369bb-a83d-4c00-aba5-0ab14a39eec0	15	97761300	99745500	1419	0.1343
dcd369bb-a83d-4c00-aba5-0ab14a39eec0	15	99746492	101928837	1645	0.0628
dcd369bb-a83d-4c00-aba5-0ab14a39eec0	16	10777	6220451	3388	0.1212
dcd369bb-a83d-4c00-aba5-0ab14a39eec0	16	6220716	8062397	2290	0.0618
dcd369bb-a83d-4c00-aba5-0ab14a39eec0	16	8062562	14895982	5422	0.1257
dcd369bb-a83d-4c00-aba5-0ab14a39eec0	16	14954911	15060512	70	-0.1386
dcd369bb-a83d-4c00-aba5-0ab14a39eec0	16	15061041	15100205	15	0.1308
dcd369bb-a83d-4c00-aba5-0ab14a39eec0	16	15147437	15388077	22	0.6229
dcd369bb-a83d-4c00-aba5-0ab14a39eec0	16	15393292	18058629	1517	0.0588
dcd369bb-a83d-4c00-aba5-0ab14a39eec0	16	18058695	31784206	7129	0.1122
dcd369bb-a83d-4c00-aba5-0ab14a39eec0	16	31786235	33682107	141	-0.0121
dcd369bb-a83d-4c00-aba5-0ab14a39eec0	16	33682120	33776810	7	-0.9296
dcd369bb-a83d-4c00-aba5-0ab14a39eec0	16	33840932	58771277	8718	0.0904
dcd369bb-a83d-4c00-aba5-0ab14a39eec0	16	58771658	66049508	5009	0.045
dcd369bb-a83d-4c00-aba5-0ab14a39eec0	16	66049602	66049884	2	-2.5296
dcd369bb-a83d-4c00-aba5-0ab14a39eec0	16	66049927	66208473	149	0.0405
dcd369bb-a83d-4c00-aba5-0ab14a39eec0	16	66210249	69943506	1766	0.1353
dcd369bb-a83d-4c00-aba5-0ab14a39eec0	16	69943532	84900412	12710	0.0973
dcd369bb-a83d-4c00-aba5-0ab14a39eec0	16	84903681	88449763	2777	0.1341
dcd369bb-a83d-4c00-aba5-0ab14a39eec0	16	88449971	90096867	692	0.0063
dcd369bb-a83d-4c00-aba5-0ab14a39eec0	17	150733	16555499	10355	-0.5821
dcd369bb-a83d-4c00-aba5-0ab14a39eec0	17	16561484	28452035	3268	0.1208
dcd369bb-a83d-4c00-aba5-0ab14a39eec0	17	28454323	28455301	2	-1.3306
dcd369bb-a83d-4c00-aba5-0ab14a39eec0	17	28462253	33630132	2736	0.139
dcd369bb-a83d-4c00-aba5-0ab14a39eec0	17	33630252	34609520	935	0.0295
dcd369bb-a83d-4c00-aba5-0ab14a39eec0	17	34611015	41265456	3464	0.133
dcd369bb-a83d-4c00-aba5-0ab14a39eec0	17	41266762	41274279	24	-1.217
dcd369bb-a83d-4c00-aba5-0ab14a39eec0	17	41276472	41361693	85	0.0454
dcd369bb-a83d-4c00-aba5-0ab14a39eec0	17	41361724	45616172	2078	0.1491
dcd369bb-a83d-4c00-aba5-0ab14a39eec0	17	45618011	46085732	331	0.0426
dcd369bb-a83d-4c00-aba5-0ab14a39eec0	17	46088437	46284997	123	0.8524
dcd369bb-a83d-4c00-aba5-0ab14a39eec0	17	46286804	50582045	2044	0.142
dcd369bb-a83d-4c00-aba5-0ab14a39eec0	17	50583532	50589145	2	-1.3579
dcd369bb-a83d-4c00-aba5-0ab14a39eec0	17	50589670	52631515	1348	0.1087
dcd369bb-a83d-4c00-aba5-0ab14a39eec0	17	52635165	54777117	1361	0.0362
dcd369bb-a83d-4c00-aba5-0ab14a39eec0	17	54782630	83091923	16804	0.1206
dcd369bb-a83d-4c00-aba5-0ab14a39eec0	18	48133	26722027	13813	0.0825
dcd369bb-a83d-4c00-aba5-0ab14a39eec0	18	26723831	35003034	5224	0.0262
dcd369bb-a83d-4c00-aba5-0ab14a39eec0	18	35003097	38093342	2061	0.0842
dcd369bb-a83d-4c00-aba5-0ab14a39eec0	18	38093578	44576635	4184	0.019
dcd369bb-a83d-4c00-aba5-0ab14a39eec0	18	44583720	52056012	5287	0.0848
dcd369bb-a83d-4c00-aba5-0ab14a39eec0	18	52056338	57005536	3171	0.0306
dcd369bb-a83d-4c00-aba5-0ab14a39eec0	18	57006263	57006864	2	-1.3918
dcd369bb-a83d-4c00-aba5-0ab14a39eec0	18	57008715	57221019	180	0.0435
dcd369bb-a83d-4c00-aba5-0ab14a39eec0	18	57222283	64287611	5145	0.0753
dcd369bb-a83d-4c00-aba5-0ab14a39eec0	18	64288996	66049692	1196	-0.0054
dcd369bb-a83d-4c00-aba5-0ab14a39eec0	18	66049952	66065571	20	-0.4453
dcd369bb-a83d-4c00-aba5-0ab14a39eec0	18	66065592	66239412	143	-0.017
dcd369bb-a83d-4c00-aba5-0ab14a39eec0	18	66239612	66244352	12	-1.0024
dcd369bb-a83d-4c00-aba5-0ab14a39eec0	18	66244639	66298026	64	-0.0142
dcd369bb-a83d-4c00-aba5-0ab14a39eec0	18	66298033	66383043	48	-0.2797
dcd369bb-a83d-4c00-aba5-0ab14a39eec0	18	66390298	73702646	5398	0.0122
dcd369bb-a83d-4c00-aba5-0ab14a39eec0	18	73707154	80257174	4748	0.0615
dcd369bb-a83d-4c00-aba5-0ab14a39eec0	19	90910	515138	113	0.05
dcd369bb-a83d-4c00-aba5-0ab14a39eec0	19	516363	19666929	8353	0.1667
dcd369bb-a83d-4c00-aba5-0ab14a39eec0	19	19667045	27329324	2689	0.0848
dcd369bb-a83d-4c00-aba5-0ab14a39eec0	19	27330071	28362360	561	-0.5943
dcd369bb-a83d-4c00-aba5-0ab14a39eec0	19	28362886	28366062	2	-2.9552
dcd369bb-a83d-4c00-aba5-0ab14a39eec0	19	28369599	33741524	3877	-0.5744
dcd369bb-a83d-4c00-aba5-0ab14a39eec0	19	33743057	36354973	1527	-0.5087
dcd369bb-a83d-4c00-aba5-0ab14a39eec0	19	36355248	36355288	2	-2.4437
dcd369bb-a83d-4c00-aba5-0ab14a39eec0	19	36355726	49671505	6515	-0.5106
dcd369bb-a83d-4c00-aba5-0ab14a39eec0	19	49673486	55766684	3541	-0.5616
dcd369bb-a83d-4c00-aba5-0ab14a39eec0	19	55770704	55771701	5	-3.4663
dcd369bb-a83d-4c00-aba5-0ab14a39eec0	19	55774927	58586487	1834	-0.5543
dcd369bb-a83d-4c00-aba5-0ab14a39eec0	20	80664	26324943	19927	-0.615
dcd369bb-a83d-4c00-aba5-0ab14a39eec0	20	30185676	37072055	2839	0.1537
dcd369bb-a83d-4c00-aba5-0ab14a39eec0	20	37072068	37072144	3	-0.8086
dcd369bb-a83d-4c00-aba5-0ab14a39eec0	20	37072159	38882760	1183	0.135
dcd369bb-a83d-4c00-aba5-0ab14a39eec0	20	38882811	43070719	3170	0.0944
dcd369bb-a83d-4c00-aba5-0ab14a39eec0	20	43071384	52303502	6335	0.1434
dcd369bb-a83d-4c00-aba5-0ab14a39eec0	20	52308742	56429778	3339	0.0915
dcd369bb-a83d-4c00-aba5-0ab14a39eec0	20	56429946	59936107	2689	0.1399
dcd369bb-a83d-4c00-aba5-0ab14a39eec0	20	59938046	61084232	1115	0.0857
dcd369bb-a83d-4c00-aba5-0ab14a39eec0	20	61085348	63567905	1335	0.1507
dcd369bb-a83d-4c00-aba5-0ab14a39eec0	20	63578528	64282468	314	-0.004
dcd369bb-a83d-4c00-aba5-0ab14a39eec0	20	64284215	64324800	7	-0.4999
dcd369bb-a83d-4c00-aba5-0ab14a39eec0	21	10354168	10494350	19	0.0679
dcd369bb-a83d-4c00-aba5-0ab14a39eec0	21	10511939	10582026	40	-0.2091
dcd369bb-a83d-4c00-aba5-0ab14a39eec0	21	10585552	10646516	24	-0.5179
dcd369bb-a83d-4c00-aba5-0ab14a39eec0	21	10682775	10775586	4	-1.0593
dcd369bb-a83d-4c00-aba5-0ab14a39eec0	21	12973348	13028693	10	-0.2451
dcd369bb-a83d-4c00-aba5-0ab14a39eec0	21	13080541	18882544	3599	0.063
dcd369bb-a83d-4c00-aba5-0ab14a39eec0	21	18883163	24905440	4706	0.0109
dcd369bb-a83d-4c00-aba5-0ab14a39eec0	21	24905557	30907448	4359	0.0537
dcd369bb-a83d-4c00-aba5-0ab14a39eec0	21	30908568	45227667	10248	0.1179
dcd369bb-a83d-4c00-aba5-0ab14a39eec0	21	45229407	45632382	223	-0.0545
dcd369bb-a83d-4c00-aba5-0ab14a39eec0	21	45632577	46279942	350	0.1359
dcd369bb-a83d-4c00-aba5-0ab14a39eec0	21	46280584	46677045	263	0.0048
dcd369bb-a83d-4c00-aba5-0ab14a39eec0	22	15294547	18950430	1142	0.1066
dcd369bb-a83d-4c00-aba5-0ab14a39eec0	22	18951419	23420459	2919	0.0404
dcd369bb-a83d-4c00-aba5-0ab14a39eec0	22	23420480	25248950	1135	0.145
dcd369bb-a83d-4c00-aba5-0ab14a39eec0	22	25253254	25718707	418	0.0306
dcd369bb-a83d-4c00-aba5-0ab14a39eec0	22	25719976	38894915	9567	0.1457
dcd369bb-a83d-4c00-aba5-0ab14a39eec0	22	38899250	38900899	3	-3.9004
dcd369bb-a83d-4c00-aba5-0ab14a39eec0	22	38903109	39053323	84	0.0282
dcd369bb-a83d-4c00-aba5-0ab14a39eec0	22	39053498	48954663	6802	0.1494
dcd369bb-a83d-4c00-aba5-0ab14a39eec0	22	48955294	50796027	1179	0.007
dcd369bb-a83d-4c00-aba5-0ab14a39eec0	X	251810	2788903	98	-0.8176
dcd369bb-a83d-4c00-aba5-0ab14a39eec0	X	2789693	6543409	2844	-0.003
dcd369bb-a83d-4c00-aba5-0ab14a39eec0	X	6549873	8167616	1182	0.5938
dcd369bb-a83d-4c00-aba5-0ab14a39eec0	X	8173048	10781938	1940	0.0218
dcd369bb-a83d-4c00-aba5-0ab14a39eec0	X	10786602	10808235	18	0.6085
dcd369bb-a83d-4c00-aba5-0ab14a39eec0	X	10809657	24116838	8414	0.0226
dcd369bb-a83d-4c00-aba5-0ab14a39eec0	X	24117765	24118699	2	-1.6951
dcd369bb-a83d-4c00-aba5-0ab14a39eec0	X	24119244	34103323	6550	-0.0022
dcd369bb-a83d-4c00-aba5-0ab14a39eec0	X	34103353	34104016	17	-0.6347
dcd369bb-a83d-4c00-aba5-0ab14a39eec0	X	34104021	38349857	2345	-0.0112
dcd369bb-a83d-4c00-aba5-0ab14a39eec0	X	38349989	54728163	7930	0.0389
dcd369bb-a83d-4c00-aba5-0ab14a39eec0	X	54730690	81172390	9888	0.0047
dcd369bb-a83d-4c00-aba5-0ab14a39eec0	X	81173385	81278934	47	0.5152
dcd369bb-a83d-4c00-aba5-0ab14a39eec0	X	81286827	88953018	4505	-0.0175
dcd369bb-a83d-4c00-aba5-0ab14a39eec0	X	88956380	93129013	1531	-0.112
dcd369bb-a83d-4c00-aba5-0ab14a39eec0	X	93129040	103999203	5921	-0.0058
dcd369bb-a83d-4c00-aba5-0ab14a39eec0	X	104003417	104050707	56	0.5478
dcd369bb-a83d-4c00-aba5-0ab14a39eec0	X	104050744	138405459	18886	0.0071
dcd369bb-a83d-4c00-aba5-0ab14a39eec0	X	138410417	138794247	243	-0.6836
dcd369bb-a83d-4c00-aba5-0ab14a39eec0	X	138796521	155734393	10373	0.0054
dcd369bb-a83d-4c00-aba5-0ab14a39eec0	X	155734427	155952689	17	-0.8647
dcd369bb-a83d-4c00-aba5-0ab14a39eec0	Y	2782397	6249869	785	-2.6463
dcd369bb-a83d-4c00-aba5-0ab14a39eec0	Y	6252391	23586854	5662	-3.1053
dcd369bb-a83d-4c00-aba5-0ab14a39eec0	Y	23784615	56872112	192	-2.7322
