GDC_Aliquot	Chromosome	Start	End	Num_Probes	Segment_Mean
caad6d94-41bc-401e-bc6d-8e80a6a0e25e	1	62920	259926	16	0.1392
caad6d94-41bc-401e-bc6d-8e80a6a0e25e	1	266187	969227	51	-0.5545
caad6d94-41bc-401e-bc6d-8e80a6a0e25e	1	983193	1083324	16	-1.27
caad6d94-41bc-401e-bc6d-8e80a6a0e25e	1	1093675	2013116	251	-0.7317
caad6d94-41bc-401e-bc6d-8e80a6a0e25e	1	2016961	3296382	397	-0.9372
caad6d94-41bc-401e-bc6d-8e80a6a0e25e	1	3298168	23498455	12225	-0.694
caad6d94-41bc-401e-bc6d-8e80a6a0e25e	1	23502412	25751931	1153	0.2119
caad6d94-41bc-401e-bc6d-8e80a6a0e25e	1	25754560	28836056	1285	-0.679
caad6d94-41bc-401e-bc6d-8e80a6a0e25e	1	28838049	30666231	1271	0.263
caad6d94-41bc-401e-bc6d-8e80a6a0e25e	1	30666733	36511086	3088	0.2236
caad6d94-41bc-401e-bc6d-8e80a6a0e25e	1	36511964	37307449	563	0.3023
caad6d94-41bc-401e-bc6d-8e80a6a0e25e	1	37307985	47402174	5593	0.2134
caad6d94-41bc-401e-bc6d-8e80a6a0e25e	1	47402333	49132190	1236	0.2643
caad6d94-41bc-401e-bc6d-8e80a6a0e25e	1	49133668	53063835	1754	0.1822
caad6d94-41bc-401e-bc6d-8e80a6a0e25e	1	53063976	59142353	4696	0.2328
caad6d94-41bc-401e-bc6d-8e80a6a0e25e	1	59143443	72303233	9008	0.1918
caad6d94-41bc-401e-bc6d-8e80a6a0e25e	1	72303253	72345465	45	1.4277
caad6d94-41bc-401e-bc6d-8e80a6a0e25e	1	72346221	75585159	1924	0.1561
caad6d94-41bc-401e-bc6d-8e80a6a0e25e	1	75589078	75589169	2	-2.1036
caad6d94-41bc-401e-bc6d-8e80a6a0e25e	1	75593824	103557298	18019	0.1761
caad6d94-41bc-401e-bc6d-8e80a6a0e25e	1	103560166	103616762	30	0.5379
caad6d94-41bc-401e-bc6d-8e80a6a0e25e	1	103620877	105470132	920	0.141
caad6d94-41bc-401e-bc6d-8e80a6a0e25e	1	105470754	105479753	18	1.0281
caad6d94-41bc-401e-bc6d-8e80a6a0e25e	1	105481433	112147704	4590	0.1872
caad6d94-41bc-401e-bc6d-8e80a6a0e25e	1	112153343	112154768	25	-1.7434
caad6d94-41bc-401e-bc6d-8e80a6a0e25e	1	112163334	143546851	5145	0.2021
caad6d94-41bc-401e-bc6d-8e80a6a0e25e	1	143547055	143748012	92	-0.5583
caad6d94-41bc-401e-bc6d-8e80a6a0e25e	1	143748074	143754062	15	0.1869
caad6d94-41bc-401e-bc6d-8e80a6a0e25e	1	143754077	144503849	29	-0.4444
caad6d94-41bc-401e-bc6d-8e80a6a0e25e	1	144503864	150302919	1068	0.1823
caad6d94-41bc-401e-bc6d-8e80a6a0e25e	1	150303213	151682193	675	0.6792
caad6d94-41bc-401e-bc6d-8e80a6a0e25e	1	151684347	152583230	551	0.7239
caad6d94-41bc-401e-bc6d-8e80a6a0e25e	1	152583291	152602773	22	1.3484
caad6d94-41bc-401e-bc6d-8e80a6a0e25e	1	152602985	157508748	2700	0.7177
caad6d94-41bc-401e-bc6d-8e80a6a0e25e	1	157512664	157513157	2	-0.8488
caad6d94-41bc-401e-bc6d-8e80a6a0e25e	1	157513483	169247699	8753	0.7213
caad6d94-41bc-401e-bc6d-8e80a6a0e25e	1	169264736	169273163	7	-0.0646
caad6d94-41bc-401e-bc6d-8e80a6a0e25e	1	169285639	174884305	3556	0.6917
caad6d94-41bc-401e-bc6d-8e80a6a0e25e	1	174886354	182778068	5381	0.7323
caad6d94-41bc-401e-bc6d-8e80a6a0e25e	1	182780329	184917916	1449	0.7099
caad6d94-41bc-401e-bc6d-8e80a6a0e25e	1	184918311	194479104	6298	0.6727
caad6d94-41bc-401e-bc6d-8e80a6a0e25e	1	194482281	194485888	2	4.2064
caad6d94-41bc-401e-bc6d-8e80a6a0e25e	1	194487886	196745692	1446	0.6734
caad6d94-41bc-401e-bc6d-8e80a6a0e25e	1	196745743	196832525	58	-0.3199
caad6d94-41bc-401e-bc6d-8e80a6a0e25e	1	196832720	196846661	4	1.7252
caad6d94-41bc-401e-bc6d-8e80a6a0e25e	1	196847600	200135626	2048	0.6749
caad6d94-41bc-401e-bc6d-8e80a6a0e25e	1	200135676	207127976	4536	0.7455
caad6d94-41bc-401e-bc6d-8e80a6a0e25e	1	207128107	208265639	797	0.7035
caad6d94-41bc-401e-bc6d-8e80a6a0e25e	1	208267557	208284575	32	1.1391
caad6d94-41bc-401e-bc6d-8e80a6a0e25e	1	208284828	208819087	470	0.7348
caad6d94-41bc-401e-bc6d-8e80a6a0e25e	1	208821299	208821313	2	-0.5741
caad6d94-41bc-401e-bc6d-8e80a6a0e25e	1	208822453	209897717	875	0.7584
caad6d94-41bc-401e-bc6d-8e80a6a0e25e	1	209908268	209910639	3	2.0177
caad6d94-41bc-401e-bc6d-8e80a6a0e25e	1	209913207	225485591	10559	0.7094
caad6d94-41bc-401e-bc6d-8e80a6a0e25e	1	225485814	225486082	2	-0.8113
caad6d94-41bc-401e-bc6d-8e80a6a0e25e	1	225486553	240013568	10347	0.7215
caad6d94-41bc-401e-bc6d-8e80a6a0e25e	1	240014807	240046441	32	1.1291
caad6d94-41bc-401e-bc6d-8e80a6a0e25e	1	240055828	240228440	162	0.7166
caad6d94-41bc-401e-bc6d-8e80a6a0e25e	1	240230715	240230839	6	-0.1521
caad6d94-41bc-401e-bc6d-8e80a6a0e25e	1	240232805	242122402	1446	0.7154
caad6d94-41bc-401e-bc6d-8e80a6a0e25e	1	242123603	242126157	3	-0.9502
caad6d94-41bc-401e-bc6d-8e80a6a0e25e	1	242129492	245473108	2205	0.7153
caad6d94-41bc-401e-bc6d-8e80a6a0e25e	1	245473737	245483602	11	-0.8452
caad6d94-41bc-401e-bc6d-8e80a6a0e25e	1	245486349	248471839	1991	0.7292
caad6d94-41bc-401e-bc6d-8e80a6a0e25e	1	248473963	248645563	51	0.2644
caad6d94-41bc-401e-bc6d-8e80a6a0e25e	1	248645808	248930189	140	0.7165
caad6d94-41bc-401e-bc6d-8e80a6a0e25e	2	12784	11626206	8782	-0.743
caad6d94-41bc-401e-bc6d-8e80a6a0e25e	2	11627156	11628746	4	-3.0393
caad6d94-41bc-401e-bc6d-8e80a6a0e25e	2	11629648	28876886	11274	-0.7182
caad6d94-41bc-401e-bc6d-8e80a6a0e25e	2	28877302	34295406	3803	0.1946
caad6d94-41bc-401e-bc6d-8e80a6a0e25e	2	34298911	34300513	2	-2.594
caad6d94-41bc-401e-bc6d-8e80a6a0e25e	2	34300900	34474248	96	0.1492
caad6d94-41bc-401e-bc6d-8e80a6a0e25e	2	34476327	34515732	51	-0.1862
caad6d94-41bc-401e-bc6d-8e80a6a0e25e	2	34515960	52527330	12959	0.1854
caad6d94-41bc-401e-bc6d-8e80a6a0e25e	2	52527342	52554384	38	0.587
caad6d94-41bc-401e-bc6d-8e80a6a0e25e	2	52554404	86901078	21933	0.1788
caad6d94-41bc-401e-bc6d-8e80a6a0e25e	2	86902080	87263179	60	-0.1794
caad6d94-41bc-401e-bc6d-8e80a6a0e25e	2	87263534	97359885	1804	0.177
caad6d94-41bc-401e-bc6d-8e80a6a0e25e	2	97524284	97545247	8	1.3238
caad6d94-41bc-401e-bc6d-8e80a6a0e25e	2	97545726	99526904	1015	0.1761
caad6d94-41bc-401e-bc6d-8e80a6a0e25e	2	99529578	100978396	1036	0.2438
caad6d94-41bc-401e-bc6d-8e80a6a0e25e	2	100978678	106263639	3505	0.1796
caad6d94-41bc-401e-bc6d-8e80a6a0e25e	2	106264257	106268901	11	-2.0318
caad6d94-41bc-401e-bc6d-8e80a6a0e25e	2	106270799	118775030	7028	0.185
caad6d94-41bc-401e-bc6d-8e80a6a0e25e	2	118775398	121303109	1599	0.2402
caad6d94-41bc-401e-bc6d-8e80a6a0e25e	2	121303806	134555037	8071	0.1881
caad6d94-41bc-401e-bc6d-8e80a6a0e25e	2	134555628	146106875	7078	0.1599
caad6d94-41bc-401e-bc6d-8e80a6a0e25e	2	146106889	146109366	21	0.8809
caad6d94-41bc-401e-bc6d-8e80a6a0e25e	2	146120238	170071354	14405	0.1556
caad6d94-41bc-401e-bc6d-8e80a6a0e25e	2	170071499	177834103	5047	0.1864
caad6d94-41bc-401e-bc6d-8e80a6a0e25e	2	177834236	214657092	22008	0.1589
caad6d94-41bc-401e-bc6d-8e80a6a0e25e	2	214657243	224455485	6450	0.2022
caad6d94-41bc-401e-bc6d-8e80a6a0e25e	2	224458111	229024106	2947	0.1644
caad6d94-41bc-401e-bc6d-8e80a6a0e25e	2	229028341	229029408	4	-0.7336
caad6d94-41bc-401e-bc6d-8e80a6a0e25e	2	229032316	232315703	1859	0.183
caad6d94-41bc-401e-bc6d-8e80a6a0e25e	2	232319832	232454022	92	0.0303
caad6d94-41bc-401e-bc6d-8e80a6a0e25e	2	232455267	234397555	1344	0.198
caad6d94-41bc-401e-bc6d-8e80a6a0e25e	2	234400639	238942331	3053	0.2431
caad6d94-41bc-401e-bc6d-8e80a6a0e25e	2	238943359	239120700	98	0.0784
caad6d94-41bc-401e-bc6d-8e80a6a0e25e	2	239123352	240382690	861	0.2467
caad6d94-41bc-401e-bc6d-8e80a6a0e25e	2	240383811	241841244	652	0.1886
caad6d94-41bc-401e-bc6d-8e80a6a0e25e	2	241973315	242095460	101	-0.8716
caad6d94-41bc-401e-bc6d-8e80a6a0e25e	2	242095518	242147305	23	0.0628
caad6d94-41bc-401e-bc6d-8e80a6a0e25e	3	20930	6604856	5806	0.2092
caad6d94-41bc-401e-bc6d-8e80a6a0e25e	3	6609441	6611645	23	-0.5607
caad6d94-41bc-401e-bc6d-8e80a6a0e25e	3	6613391	16188295	7024	0.2177
caad6d94-41bc-401e-bc6d-8e80a6a0e25e	3	16188318	20933127	2794	0.1563
caad6d94-41bc-401e-bc6d-8e80a6a0e25e	3	20933582	25589040	3675	0.1964
caad6d94-41bc-401e-bc6d-8e80a6a0e25e	3	25589271	26559609	635	0.1513
caad6d94-41bc-401e-bc6d-8e80a6a0e25e	3	26560269	26570407	10	-0.3438
caad6d94-41bc-401e-bc6d-8e80a6a0e25e	3	26570470	43859441	11376	0.183
caad6d94-41bc-401e-bc6d-8e80a6a0e25e	3	43860678	64631394	13287	0.2035
caad6d94-41bc-401e-bc6d-8e80a6a0e25e	3	64631693	64635119	4	-1.2694
caad6d94-41bc-401e-bc6d-8e80a6a0e25e	3	64635207	75372019	7906	0.1939
caad6d94-41bc-401e-bc6d-8e80a6a0e25e	3	75377956	75596233	75	-0.6841
caad6d94-41bc-401e-bc6d-8e80a6a0e25e	3	75600083	84650720	4960	0.147
caad6d94-41bc-401e-bc6d-8e80a6a0e25e	3	84651145	84652985	10	-0.5927
caad6d94-41bc-401e-bc6d-8e80a6a0e25e	3	84653010	89767116	2930	0.1465
caad6d94-41bc-401e-bc6d-8e80a6a0e25e	3	89768352	89772513	2	-1.4609
caad6d94-41bc-401e-bc6d-8e80a6a0e25e	3	89773066	96561690	1593	0.1418
caad6d94-41bc-401e-bc6d-8e80a6a0e25e	3	96566239	96568968	3	-0.8918
caad6d94-41bc-401e-bc6d-8e80a6a0e25e	3	96569563	96585044	7	0.1063
caad6d94-41bc-401e-bc6d-8e80a6a0e25e	3	96588814	96600080	9	-0.7953
caad6d94-41bc-401e-bc6d-8e80a6a0e25e	3	96607163	98172728	828	0.133
caad6d94-41bc-401e-bc6d-8e80a6a0e25e	3	98180476	98195973	6	-0.8706
caad6d94-41bc-401e-bc6d-8e80a6a0e25e	3	98197104	98238271	35	0.1663
caad6d94-41bc-401e-bc6d-8e80a6a0e25e	3	98249458	98251224	2	-1.5033
caad6d94-41bc-401e-bc6d-8e80a6a0e25e	3	98252873	99200290	539	0.1306
caad6d94-41bc-401e-bc6d-8e80a6a0e25e	3	99201668	99230448	48	0.4401
caad6d94-41bc-401e-bc6d-8e80a6a0e25e	3	99230457	122691681	14255	0.1572
caad6d94-41bc-401e-bc6d-8e80a6a0e25e	3	122692174	130067097	4416	0.2198
caad6d94-41bc-401e-bc6d-8e80a6a0e25e	3	130067366	130087209	31	-0.3764
caad6d94-41bc-401e-bc6d-8e80a6a0e25e	3	130087393	143723932	8485	0.1937
caad6d94-41bc-401e-bc6d-8e80a6a0e25e	3	143724064	150491018	4174	0.165
caad6d94-41bc-401e-bc6d-8e80a6a0e25e	3	150494293	162790480	7527	-0.7336
caad6d94-41bc-401e-bc6d-8e80a6a0e25e	3	162794869	162908207	70	0.0916
caad6d94-41bc-401e-bc6d-8e80a6a0e25e	3	162908784	175400322	7674	-0.7323
caad6d94-41bc-401e-bc6d-8e80a6a0e25e	3	175400876	176274351	540	-0.6207
caad6d94-41bc-401e-bc6d-8e80a6a0e25e	3	176274742	179159507	1720	-0.7301
caad6d94-41bc-401e-bc6d-8e80a6a0e25e	3	179159575	179264994	194	-0.5187
caad6d94-41bc-401e-bc6d-8e80a6a0e25e	3	179265031	193160256	8943	-0.7313
caad6d94-41bc-401e-bc6d-8e80a6a0e25e	3	193160406	193165114	17	-1.5067
caad6d94-41bc-401e-bc6d-8e80a6a0e25e	3	193168646	195558822	1473	-0.7423
caad6d94-41bc-401e-bc6d-8e80a6a0e25e	3	195559056	195752877	48	-1.2303
caad6d94-41bc-401e-bc6d-8e80a6a0e25e	3	195754940	198169247	1158	-0.7075
caad6d94-41bc-401e-bc6d-8e80a6a0e25e	4	68929	4314697	1758	0.1937
caad6d94-41bc-401e-bc6d-8e80a6a0e25e	4	4315009	7134993	2208	0.2663
caad6d94-41bc-401e-bc6d-8e80a6a0e25e	4	7135475	7135904	5	-0.5825
caad6d94-41bc-401e-bc6d-8e80a6a0e25e	4	7136266	7419058	233	0.2958
caad6d94-41bc-401e-bc6d-8e80a6a0e25e	4	7419585	7468311	48	0.0532
caad6d94-41bc-401e-bc6d-8e80a6a0e25e	4	7470684	9370577	830	0.269
caad6d94-41bc-401e-bc6d-8e80a6a0e25e	4	9374840	10208766	600	0.206
caad6d94-41bc-401e-bc6d-8e80a6a0e25e	4	10212536	10232642	31	-2.2445
caad6d94-41bc-401e-bc6d-8e80a6a0e25e	4	10232984	10258210	29	0.0253
caad6d94-41bc-401e-bc6d-8e80a6a0e25e	4	10259563	26579832	11870	0.1953
caad6d94-41bc-401e-bc6d-8e80a6a0e25e	4	26581605	34784878	5052	0.1495
caad6d94-41bc-401e-bc6d-8e80a6a0e25e	4	34785333	34828291	39	0.5868
caad6d94-41bc-401e-bc6d-8e80a6a0e25e	4	34828306	45001503	6616	0.1728
caad6d94-41bc-401e-bc6d-8e80a6a0e25e	4	45003738	45004318	5	-0.9209
caad6d94-41bc-401e-bc6d-8e80a6a0e25e	4	45008952	47084774	1077	0.1383
caad6d94-41bc-401e-bc6d-8e80a6a0e25e	4	47085862	57762833	5308	0.187
caad6d94-41bc-401e-bc6d-8e80a6a0e25e	4	57762999	68378716	6387	0.1528
caad6d94-41bc-401e-bc6d-8e80a6a0e25e	4	68389352	68391041	2	2.697
caad6d94-41bc-401e-bc6d-8e80a6a0e25e	4	68394355	68422424	8	-0.7863
caad6d94-41bc-401e-bc6d-8e80a6a0e25e	4	68429081	68509442	15	0.1287
caad6d94-41bc-401e-bc6d-8e80a6a0e25e	4	68509630	68618391	60	0.5834
caad6d94-41bc-401e-bc6d-8e80a6a0e25e	4	68620122	114252544	27624	0.1569
caad6d94-41bc-401e-bc6d-8e80a6a0e25e	4	114254167	114261019	23	-1.564
caad6d94-41bc-401e-bc6d-8e80a6a0e25e	4	114263073	154881396	23971	0.1646
caad6d94-41bc-401e-bc6d-8e80a6a0e25e	4	154881853	154881926	3	-3.3152
caad6d94-41bc-401e-bc6d-8e80a6a0e25e	4	154882047	160952848	3899	0.1594
caad6d94-41bc-401e-bc6d-8e80a6a0e25e	4	160958866	160963971	28	-0.2374
caad6d94-41bc-401e-bc6d-8e80a6a0e25e	4	160964013	172066777	7046	0.1616
caad6d94-41bc-401e-bc6d-8e80a6a0e25e	4	172067997	172068382	12	0.9665
caad6d94-41bc-401e-bc6d-8e80a6a0e25e	4	172074828	178431951	3851	0.166
caad6d94-41bc-401e-bc6d-8e80a6a0e25e	4	178432148	178785785	269	0.2894
caad6d94-41bc-401e-bc6d-8e80a6a0e25e	4	178785802	179172552	239	0.1473
caad6d94-41bc-401e-bc6d-8e80a6a0e25e	4	179176834	179177184	2	-2.792
caad6d94-41bc-401e-bc6d-8e80a6a0e25e	4	179180768	188300104	6534	0.1898
caad6d94-41bc-401e-bc6d-8e80a6a0e25e	4	188300206	188300221	2	-1.5964
caad6d94-41bc-401e-bc6d-8e80a6a0e25e	4	188300270	189273964	791	0.1683
caad6d94-41bc-401e-bc6d-8e80a6a0e25e	4	189274468	189278110	3	-2.519
caad6d94-41bc-401e-bc6d-8e80a6a0e25e	4	189278617	190106768	350	0.1569
caad6d94-41bc-401e-bc6d-8e80a6a0e25e	5	15532	1861110	908	0.0926
caad6d94-41bc-401e-bc6d-8e80a6a0e25e	5	1861506	12815753	9251	0.2145
caad6d94-41bc-401e-bc6d-8e80a6a0e25e	5	12819201	12838421	12	0.8319
caad6d94-41bc-401e-bc6d-8e80a6a0e25e	5	12849089	17504168	3159	0.1973
caad6d94-41bc-401e-bc6d-8e80a6a0e25e	5	17510359	17515692	6	-0.8865
caad6d94-41bc-401e-bc6d-8e80a6a0e25e	5	17601444	20547942	1850	0.1739
caad6d94-41bc-401e-bc6d-8e80a6a0e25e	5	20548237	21376735	434	0.1338
caad6d94-41bc-401e-bc6d-8e80a6a0e25e	5	21377730	21385957	3	-0.5473
caad6d94-41bc-401e-bc6d-8e80a6a0e25e	5	21391431	21449167	43	0.1868
caad6d94-41bc-401e-bc6d-8e80a6a0e25e	5	21451091	21452329	5	-1.982
caad6d94-41bc-401e-bc6d-8e80a6a0e25e	5	21452387	26789387	3126	0.1482
caad6d94-41bc-401e-bc6d-8e80a6a0e25e	5	26797651	26797735	2	-1.6013
caad6d94-41bc-401e-bc6d-8e80a6a0e25e	5	26803775	31348963	2792	0.1506
caad6d94-41bc-401e-bc6d-8e80a6a0e25e	5	31349432	32094548	611	0.2413
caad6d94-41bc-401e-bc6d-8e80a6a0e25e	5	32095105	34700599	1652	0.1796
caad6d94-41bc-401e-bc6d-8e80a6a0e25e	5	34700960	34701084	2	-1.3178
caad6d94-41bc-401e-bc6d-8e80a6a0e25e	5	34703258	46191782	6707	0.1765
caad6d94-41bc-401e-bc6d-8e80a6a0e25e	5	46195781	46199333	4	-0.9212
caad6d94-41bc-401e-bc6d-8e80a6a0e25e	5	46209197	46271006	15	0.1999
caad6d94-41bc-401e-bc6d-8e80a6a0e25e	5	46271828	46273400	6	1.2907
caad6d94-41bc-401e-bc6d-8e80a6a0e25e	5	46278110	58033288	5065	0.1822
caad6d94-41bc-401e-bc6d-8e80a6a0e25e	5	58033703	58037706	28	-0.5125
caad6d94-41bc-401e-bc6d-8e80a6a0e25e	5	58042530	69550476	7285	0.1847
caad6d94-41bc-401e-bc6d-8e80a6a0e25e	5	69571467	69937617	7	-0.574
caad6d94-41bc-401e-bc6d-8e80a6a0e25e	5	70017846	76133449	3101	0.1918
caad6d94-41bc-401e-bc6d-8e80a6a0e25e	5	76135614	76154319	37	-0.0794
caad6d94-41bc-401e-bc6d-8e80a6a0e25e	5	76154351	84415953	5163	0.1787
caad6d94-41bc-401e-bc6d-8e80a6a0e25e	5	84416034	97709417	7275	0.1512
caad6d94-41bc-401e-bc6d-8e80a6a0e25e	5	97712762	97763616	43	-0.7993
caad6d94-41bc-401e-bc6d-8e80a6a0e25e	5	97763980	133131334	22468	0.1687
caad6d94-41bc-401e-bc6d-8e80a6a0e25e	5	133131735	137656731	3150	0.2318
caad6d94-41bc-401e-bc6d-8e80a6a0e25e	5	137658621	140838745	1414	0.1767
caad6d94-41bc-401e-bc6d-8e80a6a0e25e	5	140839137	140872578	15	-0.5109
caad6d94-41bc-401e-bc6d-8e80a6a0e25e	5	140874202	167071370	17533	0.1932
caad6d94-41bc-401e-bc6d-8e80a6a0e25e	5	167072463	176622707	6953	0.2279
caad6d94-41bc-401e-bc6d-8e80a6a0e25e	5	176623510	176842587	126	0.0693
caad6d94-41bc-401e-bc6d-8e80a6a0e25e	5	176849627	177805604	360	0.2079
caad6d94-41bc-401e-bc6d-8e80a6a0e25e	5	177827964	177832414	2	-1.199
caad6d94-41bc-401e-bc6d-8e80a6a0e25e	5	177833329	178680821	443	0.2123
caad6d94-41bc-401e-bc6d-8e80a6a0e25e	5	178682974	178686162	3	-0.9191
caad6d94-41bc-401e-bc6d-8e80a6a0e25e	5	178691854	180652970	1168	0.2267
caad6d94-41bc-401e-bc6d-8e80a6a0e25e	5	180653093	180947484	175	0.1758
caad6d94-41bc-401e-bc6d-8e80a6a0e25e	5	180947523	180991103	20	-0.2781
caad6d94-41bc-401e-bc6d-8e80a6a0e25e	5	181006225	181363319	169	0.1513
caad6d94-41bc-401e-bc6d-8e80a6a0e25e	6	149661	52069294	34922	-0.7333
caad6d94-41bc-401e-bc6d-8e80a6a0e25e	6	52073953	52221449	103	1.3588
caad6d94-41bc-401e-bc6d-8e80a6a0e25e	6	52224761	53230063	710	-0.7075
caad6d94-41bc-401e-bc6d-8e80a6a0e25e	6	53230642	53231008	3	-2.4996
caad6d94-41bc-401e-bc6d-8e80a6a0e25e	6	53231884	58432750	2848	-0.7215
caad6d94-41bc-401e-bc6d-8e80a6a0e25e	6	60351931	64627049	2004	0.1581
caad6d94-41bc-401e-bc6d-8e80a6a0e25e	6	64637651	64639099	2	-2.4517
caad6d94-41bc-401e-bc6d-8e80a6a0e25e	6	64640883	78196510	8859	0.1627
caad6d94-41bc-401e-bc6d-8e80a6a0e25e	6	78196795	78336944	172	0.4372
caad6d94-41bc-401e-bc6d-8e80a6a0e25e	6	78341897	93758791	9871	0.167
caad6d94-41bc-401e-bc6d-8e80a6a0e25e	6	93759175	94576204	534	0.2431
caad6d94-41bc-401e-bc6d-8e80a6a0e25e	6	94581306	94582674	2	-0.9435
caad6d94-41bc-401e-bc6d-8e80a6a0e25e	6	94585346	94632020	33	0.0611
caad6d94-41bc-401e-bc6d-8e80a6a0e25e	6	94632620	94725559	71	0.2726
caad6d94-41bc-401e-bc6d-8e80a6a0e25e	6	94728247	94742546	6	0.7897
caad6d94-41bc-401e-bc6d-8e80a6a0e25e	6	94743705	95388756	148	0.2381
caad6d94-41bc-401e-bc6d-8e80a6a0e25e	6	95389491	103286954	4769	0.1597
caad6d94-41bc-401e-bc6d-8e80a6a0e25e	6	103290101	103314186	46	-1.3165
caad6d94-41bc-401e-bc6d-8e80a6a0e25e	6	103317795	112348392	5611	0.1849
caad6d94-41bc-401e-bc6d-8e80a6a0e25e	6	112348848	149680684	23638	0.1629
caad6d94-41bc-401e-bc6d-8e80a6a0e25e	6	149680830	151721367	1416	0.2153
caad6d94-41bc-401e-bc6d-8e80a6a0e25e	6	151722375	157072315	3926	0.1783
caad6d94-41bc-401e-bc6d-8e80a6a0e25e	6	157077041	167194108	7339	0.21
caad6d94-41bc-401e-bc6d-8e80a6a0e25e	6	167194527	168343112	535	0.1257
caad6d94-41bc-401e-bc6d-8e80a6a0e25e	6	168344433	170741917	1568	0.1946
caad6d94-41bc-401e-bc6d-8e80a6a0e25e	7	43355	3387180	1452	-0.7859
caad6d94-41bc-401e-bc6d-8e80a6a0e25e	7	3387386	6858609	1964	0.2013
caad6d94-41bc-401e-bc6d-8e80a6a0e25e	7	6860976	6890031	10	-0.5623
caad6d94-41bc-401e-bc6d-8e80a6a0e25e	7	6893145	15515787	7019	0.1794
caad6d94-41bc-401e-bc6d-8e80a6a0e25e	7	15523531	15559045	20	-0.6824
caad6d94-41bc-401e-bc6d-8e80a6a0e25e	7	15559804	38239007	16806	0.1988
caad6d94-41bc-401e-bc6d-8e80a6a0e25e	7	38239282	38317207	101	0.4016
caad6d94-41bc-401e-bc6d-8e80a6a0e25e	7	38317474	51397583	8793	0.2035
caad6d94-41bc-401e-bc6d-8e80a6a0e25e	7	51409762	53037907	1260	0.7158
caad6d94-41bc-401e-bc6d-8e80a6a0e25e	7	53040580	54305455	937	0.1674
caad6d94-41bc-401e-bc6d-8e80a6a0e25e	7	54318812	54318824	6	1.1133
caad6d94-41bc-401e-bc6d-8e80a6a0e25e	7	54325795	62239187	2045	0.1882
caad6d94-41bc-401e-bc6d-8e80a6a0e25e	7	62246376	62526795	22	-0.3606
caad6d94-41bc-401e-bc6d-8e80a6a0e25e	7	62526866	76803005	6272	0.203
caad6d94-41bc-401e-bc6d-8e80a6a0e25e	7	76803016	76977495	85	1.085
caad6d94-41bc-401e-bc6d-8e80a6a0e25e	7	77080295	88570013	7443	0.1549
caad6d94-41bc-401e-bc6d-8e80a6a0e25e	7	88570233	90320351	1174	0.2411
caad6d94-41bc-401e-bc6d-8e80a6a0e25e	7	90324136	93879223	2341	0.1472
caad6d94-41bc-401e-bc6d-8e80a6a0e25e	7	93880033	100727566	3695	0.1825
caad6d94-41bc-401e-bc6d-8e80a6a0e25e	7	100731621	100753382	4	-0.6563
caad6d94-41bc-401e-bc6d-8e80a6a0e25e	7	100756762	109801752	5331	0.1742
caad6d94-41bc-401e-bc6d-8e80a6a0e25e	7	109801903	109813762	5	-0.6018
caad6d94-41bc-401e-bc6d-8e80a6a0e25e	7	109813801	110253549	284	0.1656
caad6d94-41bc-401e-bc6d-8e80a6a0e25e	7	110253663	110253726	2	-0.8819
caad6d94-41bc-401e-bc6d-8e80a6a0e25e	7	110255533	112588464	1552	0.1912
caad6d94-41bc-401e-bc6d-8e80a6a0e25e	7	112597315	126404920	8164	0.1477
caad6d94-41bc-401e-bc6d-8e80a6a0e25e	7	126405428	126406561	12	-0.8788
caad6d94-41bc-401e-bc6d-8e80a6a0e25e	7	126406822	129282378	1749	0.1721
caad6d94-41bc-401e-bc6d-8e80a6a0e25e	7	129282941	134135957	2986	0.2041
caad6d94-41bc-401e-bc6d-8e80a6a0e25e	7	134136232	134138311	5	-0.5581
caad6d94-41bc-401e-bc6d-8e80a6a0e25e	7	134141648	134536100	312	0.1868
caad6d94-41bc-401e-bc6d-8e80a6a0e25e	7	134541075	134575354	24	0.7089
caad6d94-41bc-401e-bc6d-8e80a6a0e25e	7	134578924	142505207	5185	0.1918
caad6d94-41bc-401e-bc6d-8e80a6a0e25e	7	142505320	142739099	88	0.4266
caad6d94-41bc-401e-bc6d-8e80a6a0e25e	7	142740007	143780181	507	0.1922
caad6d94-41bc-401e-bc6d-8e80a6a0e25e	7	143790571	143799657	2	-1.2609
caad6d94-41bc-401e-bc6d-8e80a6a0e25e	7	143802123	148016888	2695	0.1719
caad6d94-41bc-401e-bc6d-8e80a6a0e25e	7	148016901	148018804	5	-1.1867
caad6d94-41bc-401e-bc6d-8e80a6a0e25e	7	148019073	154635962	4023	0.2077
caad6d94-41bc-401e-bc6d-8e80a6a0e25e	7	154636288	154636708	3	-0.9264
caad6d94-41bc-401e-bc6d-8e80a6a0e25e	7	154637850	154877295	219	0.2957
caad6d94-41bc-401e-bc6d-8e80a6a0e25e	7	154880936	155671335	666	0.2046
caad6d94-41bc-401e-bc6d-8e80a6a0e25e	7	155673169	155674244	2	1.2352
caad6d94-41bc-401e-bc6d-8e80a6a0e25e	7	155676942	157975705	1493	0.2193
caad6d94-41bc-401e-bc6d-8e80a6a0e25e	7	157978145	157978919	3	-0.8603
caad6d94-41bc-401e-bc6d-8e80a6a0e25e	7	157985169	158686024	391	0.233
caad6d94-41bc-401e-bc6d-8e80a6a0e25e	7	158687768	159334314	425	0.1156
caad6d94-41bc-401e-bc6d-8e80a6a0e25e	8	81254	208062	4	-0.843
caad6d94-41bc-401e-bc6d-8e80a6a0e25e	8	212672	7172468	7698	0.1885
caad6d94-41bc-401e-bc6d-8e80a6a0e25e	8	7176273	8085660	64	0.4817
caad6d94-41bc-401e-bc6d-8e80a6a0e25e	8	8101440	8250244	18	-0.2217
caad6d94-41bc-401e-bc6d-8e80a6a0e25e	8	8250448	12092042	3206	0.2101
caad6d94-41bc-401e-bc6d-8e80a6a0e25e	8	12130217	12177488	8	-0.0612
caad6d94-41bc-401e-bc6d-8e80a6a0e25e	8	12323772	12389977	29	0.9518
caad6d94-41bc-401e-bc6d-8e80a6a0e25e	8	12418301	17379498	4316	0.1826
caad6d94-41bc-401e-bc6d-8e80a6a0e25e	8	17379961	17380099	2	-3.2691
caad6d94-41bc-401e-bc6d-8e80a6a0e25e	8	17381144	25116928	6073	0.2198
caad6d94-41bc-401e-bc6d-8e80a6a0e25e	8	25116961	25126818	26	-0.4106
caad6d94-41bc-401e-bc6d-8e80a6a0e25e	8	25133589	39372806	8988	0.2008
caad6d94-41bc-401e-bc6d-8e80a6a0e25e	8	39373140	39529446	60	0.8457
caad6d94-41bc-401e-bc6d-8e80a6a0e25e	8	39530780	74440196	20068	0.1852
caad6d94-41bc-401e-bc6d-8e80a6a0e25e	8	74451557	93181430	10752	0.1593
caad6d94-41bc-401e-bc6d-8e80a6a0e25e	8	93181821	99186731	3806	0.1944
caad6d94-41bc-401e-bc6d-8e80a6a0e25e	8	99188231	99190254	2	-1.4233
caad6d94-41bc-401e-bc6d-8e80a6a0e25e	8	99191338	110155486	6682	0.1803
caad6d94-41bc-401e-bc6d-8e80a6a0e25e	8	110156404	111279265	596	0.1327
caad6d94-41bc-401e-bc6d-8e80a6a0e25e	8	111282050	111288052	11	0.69
caad6d94-41bc-401e-bc6d-8e80a6a0e25e	8	111289023	115812474	2594	0.1333
caad6d94-41bc-401e-bc6d-8e80a6a0e25e	8	115812578	119139771	2362	0.1888
caad6d94-41bc-401e-bc6d-8e80a6a0e25e	8	119142545	119147207	4	-0.7452
caad6d94-41bc-401e-bc6d-8e80a6a0e25e	8	119150615	119556645	268	0.1615
caad6d94-41bc-401e-bc6d-8e80a6a0e25e	8	119556686	119558606	2	-2.0161
caad6d94-41bc-401e-bc6d-8e80a6a0e25e	8	119559316	128743214	6403	0.1922
caad6d94-41bc-401e-bc6d-8e80a6a0e25e	8	128744020	128751839	3	-2.1842
caad6d94-41bc-401e-bc6d-8e80a6a0e25e	8	128765208	132022675	2249	0.1783
caad6d94-41bc-401e-bc6d-8e80a6a0e25e	8	132022751	136199372	3483	0.2185
caad6d94-41bc-401e-bc6d-8e80a6a0e25e	8	136203308	138077961	1504	0.1502
caad6d94-41bc-401e-bc6d-8e80a6a0e25e	8	138077989	140342829	1881	0.262
caad6d94-41bc-401e-bc6d-8e80a6a0e25e	8	140344635	145072769	2110	0.1466
caad6d94-41bc-401e-bc6d-8e80a6a0e25e	9	46587	1387505	1394	0.1625
caad6d94-41bc-401e-bc6d-8e80a6a0e25e	9	1387954	1388730	2	-1.3845
caad6d94-41bc-401e-bc6d-8e80a6a0e25e	9	1388781	22492890	18393	0.1868
caad6d94-41bc-401e-bc6d-8e80a6a0e25e	9	22501914	22502700	2	-3.258
caad6d94-41bc-401e-bc6d-8e80a6a0e25e	9	22509341	32056831	6944	0.1577
caad6d94-41bc-401e-bc6d-8e80a6a0e25e	9	32056928	40018947	4372	0.2045
caad6d94-41bc-401e-bc6d-8e80a6a0e25e	9	40099591	63580418	260	0.0644
caad6d94-41bc-401e-bc6d-8e80a6a0e25e	9	63590317	63592813	7	1.4533
caad6d94-41bc-401e-bc6d-8e80a6a0e25e	9	63614182	84118047	11446	0.1828
caad6d94-41bc-401e-bc6d-8e80a6a0e25e	9	84118426	90685411	4760	0.2204
caad6d94-41bc-401e-bc6d-8e80a6a0e25e	9	90685802	95487949	3135	0.1964
caad6d94-41bc-401e-bc6d-8e80a6a0e25e	9	95487988	95488676	3	-0.8827
caad6d94-41bc-401e-bc6d-8e80a6a0e25e	9	95491372	113271907	12789	0.1988
caad6d94-41bc-401e-bc6d-8e80a6a0e25e	9	113271998	135248156	14643	0.2246
caad6d94-41bc-401e-bc6d-8e80a6a0e25e	9	135259826	135450423	137	0.0693
caad6d94-41bc-401e-bc6d-8e80a6a0e25e	9	135450572	136135943	294	0.2627
caad6d94-41bc-401e-bc6d-8e80a6a0e25e	9	136136282	136158801	9	-0.0637
caad6d94-41bc-401e-bc6d-8e80a6a0e25e	9	136159328	138020138	577	0.1791
caad6d94-41bc-401e-bc6d-8e80a6a0e25e	9	138024491	138138491	123	0.0522
caad6d94-41bc-401e-bc6d-8e80a6a0e25e	9	138138696	138200944	11	0.5609
caad6d94-41bc-401e-bc6d-8e80a6a0e25e	10	45792	1292368	727	0.1493
caad6d94-41bc-401e-bc6d-8e80a6a0e25e	10	1292440	5140534	3685	0.1908
caad6d94-41bc-401e-bc6d-8e80a6a0e25e	10	5142666	5143109	2	-1.194
caad6d94-41bc-401e-bc6d-8e80a6a0e25e	10	5143390	15687989	8813	0.1954
caad6d94-41bc-401e-bc6d-8e80a6a0e25e	10	15692238	24086334	5929	0.1661
caad6d94-41bc-401e-bc6d-8e80a6a0e25e	10	24088745	24089125	11	-1.9225
caad6d94-41bc-401e-bc6d-8e80a6a0e25e	10	24089979	30957581	5006	0.1874
caad6d94-41bc-401e-bc6d-8e80a6a0e25e	10	30962405	30962850	11	-1.9958
caad6d94-41bc-401e-bc6d-8e80a6a0e25e	10	30962893	35581786	2973	0.1917
caad6d94-41bc-401e-bc6d-8e80a6a0e25e	10	35584717	35585592	2	1.6551
caad6d94-41bc-401e-bc6d-8e80a6a0e25e	10	35585967	46532940	4471	0.1817
caad6d94-41bc-401e-bc6d-8e80a6a0e25e	10	46538819	46836986	35	0.5807
caad6d94-41bc-401e-bc6d-8e80a6a0e25e	10	46898735	50611541	2009	0.1943
caad6d94-41bc-401e-bc6d-8e80a6a0e25e	10	50613118	133654968	56547	-0.7126
caad6d94-41bc-401e-bc6d-8e80a6a0e25e	11	198510	4254774	1739	-0.726
caad6d94-41bc-401e-bc6d-8e80a6a0e25e	11	4274526	4280161	5	0.556
caad6d94-41bc-401e-bc6d-8e80a6a0e25e	11	4286190	4337579	11	-0.0811
caad6d94-41bc-401e-bc6d-8e80a6a0e25e	11	4337826	4946420	650	-0.6854
caad6d94-41bc-401e-bc6d-8e80a6a0e25e	11	4947280	4955042	30	0.2899
caad6d94-41bc-401e-bc6d-8e80a6a0e25e	11	4955781	50792187	31455	-0.7053
caad6d94-41bc-401e-bc6d-8e80a6a0e25e	11	50810146	54743970	86	0.1651
caad6d94-41bc-401e-bc6d-8e80a6a0e25e	11	54762035	54766290	3	-1.4437
caad6d94-41bc-401e-bc6d-8e80a6a0e25e	11	54782119	55606556	286	0.1752
caad6d94-41bc-401e-bc6d-8e80a6a0e25e	11	55606572	55685058	56	-0.2972
caad6d94-41bc-401e-bc6d-8e80a6a0e25e	11	55685501	64866165	5118	0.1924
caad6d94-41bc-401e-bc6d-8e80a6a0e25e	11	64866586	65867819	387	0.0951
caad6d94-41bc-401e-bc6d-8e80a6a0e25e	11	65868582	68617866	1051	0.1903
caad6d94-41bc-401e-bc6d-8e80a6a0e25e	11	68620516	71684623	1748	0.2655
caad6d94-41bc-401e-bc6d-8e80a6a0e25e	11	71685209	71689412	3	-1.2582
caad6d94-41bc-401e-bc6d-8e80a6a0e25e	11	71694420	79971503	4689	0.2182
caad6d94-41bc-401e-bc6d-8e80a6a0e25e	11	79974013	86594619	4713	0.1814
caad6d94-41bc-401e-bc6d-8e80a6a0e25e	11	86594771	86595012	5	-0.7883
caad6d94-41bc-401e-bc6d-8e80a6a0e25e	11	86604132	89817056	2103	0.1675
caad6d94-41bc-401e-bc6d-8e80a6a0e25e	11	89834373	89847184	2	-1.4721
caad6d94-41bc-401e-bc6d-8e80a6a0e25e	11	89878176	108259985	13041	0.1726
caad6d94-41bc-401e-bc6d-8e80a6a0e25e	11	108267100	134287218	18587	-0.7074
caad6d94-41bc-401e-bc6d-8e80a6a0e25e	11	134288564	135074876	620	-0.8486
caad6d94-41bc-401e-bc6d-8e80a6a0e25e	12	51460	1674673	950	0.1282
caad6d94-41bc-401e-bc6d-8e80a6a0e25e	12	1678378	6466809	3755	0.2189
caad6d94-41bc-401e-bc6d-8e80a6a0e25e	12	6467555	11066824	2509	0.1505
caad6d94-41bc-401e-bc6d-8e80a6a0e25e	12	11068125	11104230	12	0.696
caad6d94-41bc-401e-bc6d-8e80a6a0e25e	12	11107676	11358643	130	0.14
caad6d94-41bc-401e-bc6d-8e80a6a0e25e	12	11358644	11390472	30	-0.6901
caad6d94-41bc-401e-bc6d-8e80a6a0e25e	12	11399258	30082648	13069	0.156
caad6d94-41bc-401e-bc6d-8e80a6a0e25e	12	30086334	30090732	23	-0.3904
caad6d94-41bc-401e-bc6d-8e80a6a0e25e	12	30090756	33141726	2249	0.1698
caad6d94-41bc-401e-bc6d-8e80a6a0e25e	12	33148472	33155426	28	-0.4622
caad6d94-41bc-401e-bc6d-8e80a6a0e25e	12	33155453	37593924	827	0.1438
caad6d94-41bc-401e-bc6d-8e80a6a0e25e	12	37618765	37620216	2	-1.8137
caad6d94-41bc-401e-bc6d-8e80a6a0e25e	12	37640556	41498073	2236	0.1482
caad6d94-41bc-401e-bc6d-8e80a6a0e25e	12	41500192	71451598	18326	0.1697
caad6d94-41bc-401e-bc6d-8e80a6a0e25e	12	71455141	90089573	11349	0.1426
caad6d94-41bc-401e-bc6d-8e80a6a0e25e	12	90097892	90098297	7	-1.0747
caad6d94-41bc-401e-bc6d-8e80a6a0e25e	12	90099780	98356464	5801	0.1553
caad6d94-41bc-401e-bc6d-8e80a6a0e25e	12	98360047	114148512	10187	0.19
caad6d94-41bc-401e-bc6d-8e80a6a0e25e	12	114148901	126333944	7916	0.2148
caad6d94-41bc-401e-bc6d-8e80a6a0e25e	12	126334120	126887121	492	0.1714
caad6d94-41bc-401e-bc6d-8e80a6a0e25e	12	126889117	126889193	2	-1.7034
caad6d94-41bc-401e-bc6d-8e80a6a0e25e	12	126890667	131636170	4149	0.182
caad6d94-41bc-401e-bc6d-8e80a6a0e25e	12	131648039	131648790	13	-2.2831
caad6d94-41bc-401e-bc6d-8e80a6a0e25e	12	131657925	133201603	558	0.1333
caad6d94-41bc-401e-bc6d-8e80a6a0e25e	13	18452809	20692710	1205	0.1739
caad6d94-41bc-401e-bc6d-8e80a6a0e25e	13	20695206	51147436	21361	-0.7181
caad6d94-41bc-401e-bc6d-8e80a6a0e25e	13	51150488	51150651	2	-5.1177
caad6d94-41bc-401e-bc6d-8e80a6a0e25e	13	51152233	57896832	3675	-0.6959
caad6d94-41bc-401e-bc6d-8e80a6a0e25e	13	57897312	57900253	3	-3.5619
caad6d94-41bc-401e-bc6d-8e80a6a0e25e	13	57900558	83510712	16443	-0.7189
caad6d94-41bc-401e-bc6d-8e80a6a0e25e	13	83513895	83516506	5	-2.9816
caad6d94-41bc-401e-bc6d-8e80a6a0e25e	13	83518922	101912131	11819	-0.7286
caad6d94-41bc-401e-bc6d-8e80a6a0e25e	13	101920793	109186424	6002	0.1853
caad6d94-41bc-401e-bc6d-8e80a6a0e25e	13	109189550	112869676	2621	0.2361
caad6d94-41bc-401e-bc6d-8e80a6a0e25e	13	112869878	114342922	652	0.1571
caad6d94-41bc-401e-bc6d-8e80a6a0e25e	14	18239283	19675350	63	-0.537
caad6d94-41bc-401e-bc6d-8e80a6a0e25e	14	19689684	19955213	104	-1.0227
caad6d94-41bc-401e-bc6d-8e80a6a0e25e	14	19956767	21862882	1266	-0.7281
caad6d94-41bc-401e-bc6d-8e80a6a0e25e	14	21862976	22536839	606	-0.5687
caad6d94-41bc-401e-bc6d-8e80a6a0e25e	14	22537282	36866665	9027	-0.7074
caad6d94-41bc-401e-bc6d-8e80a6a0e25e	14	36867317	36867430	3	-4.2639
caad6d94-41bc-401e-bc6d-8e80a6a0e25e	14	36867767	98808408	40071	-0.7082
caad6d94-41bc-401e-bc6d-8e80a6a0e25e	14	98810133	98817550	10	-2.1293
caad6d94-41bc-401e-bc6d-8e80a6a0e25e	14	98817622	106416146	3669	-0.7202
caad6d94-41bc-401e-bc6d-8e80a6a0e25e	14	106418444	106462169	48	-1.9504
caad6d94-41bc-401e-bc6d-8e80a6a0e25e	14	106462183	106877229	196	-0.7042
caad6d94-41bc-401e-bc6d-8e80a6a0e25e	15	19811075	20187568	55	0.1265
caad6d94-41bc-401e-bc6d-8e80a6a0e25e	15	20190276	20625279	82	-0.4299
caad6d94-41bc-401e-bc6d-8e80a6a0e25e	15	20642631	20986779	17	-0.9766
caad6d94-41bc-401e-bc6d-8e80a6a0e25e	15	20986997	21005443	3	-0.2654
caad6d94-41bc-401e-bc6d-8e80a6a0e25e	15	21018354	22385639	49	-1.1372
caad6d94-41bc-401e-bc6d-8e80a6a0e25e	15	22395047	24137883	860	-0.6969
caad6d94-41bc-401e-bc6d-8e80a6a0e25e	15	24139418	24189385	29	-3.8688
caad6d94-41bc-401e-bc6d-8e80a6a0e25e	15	24197072	45442613	12792	-0.6918
caad6d94-41bc-401e-bc6d-8e80a6a0e25e	15	45444902	45456554	6	-2.3588
caad6d94-41bc-401e-bc6d-8e80a6a0e25e	15	45464885	55809966	6701	-0.6871
caad6d94-41bc-401e-bc6d-8e80a6a0e25e	15	55813096	76598900	13154	0.2252
caad6d94-41bc-401e-bc6d-8e80a6a0e25e	15	76599170	76603434	21	0.9457
caad6d94-41bc-401e-bc6d-8e80a6a0e25e	15	76609838	82882631	3889	0.2266
caad6d94-41bc-401e-bc6d-8e80a6a0e25e	15	82889131	82889319	3	-1.0273
caad6d94-41bc-401e-bc6d-8e80a6a0e25e	15	82890669	93100542	7003	0.2306
caad6d94-41bc-401e-bc6d-8e80a6a0e25e	15	93102319	93436867	362	0.1412
caad6d94-41bc-401e-bc6d-8e80a6a0e25e	15	93443360	99875395	4751	0.228
caad6d94-41bc-401e-bc6d-8e80a6a0e25e	15	99880708	99881038	2	-1.7056
caad6d94-41bc-401e-bc6d-8e80a6a0e25e	15	99884400	100264277	339	0.1259
caad6d94-41bc-401e-bc6d-8e80a6a0e25e	15	100264748	101330123	797	0.2383
caad6d94-41bc-401e-bc6d-8e80a6a0e25e	15	101333621	101888834	420	0.1575
caad6d94-41bc-401e-bc6d-8e80a6a0e25e	15	101888850	101928837	7	-0.5928
caad6d94-41bc-401e-bc6d-8e80a6a0e25e	16	10777	12016	3	-0.9613
caad6d94-41bc-401e-bc6d-8e80a6a0e25e	16	35827	603503	283	0.0726
caad6d94-41bc-401e-bc6d-8e80a6a0e25e	16	603675	6603205	3586	0.222
caad6d94-41bc-401e-bc6d-8e80a6a0e25e	16	6603567	29277475	15076	-0.7112
caad6d94-41bc-401e-bc6d-8e80a6a0e25e	16	29278656	29281946	3	-4.2894
caad6d94-41bc-401e-bc6d-8e80a6a0e25e	16	29282801	35225338	1100	-0.6828
caad6d94-41bc-401e-bc6d-8e80a6a0e25e	16	35232200	35522700	168	0.1543
caad6d94-41bc-401e-bc6d-8e80a6a0e25e	16	35526596	55761039	6551	-0.6647
caad6d94-41bc-401e-bc6d-8e80a6a0e25e	16	55761136	55782734	19	-2.4736
caad6d94-41bc-401e-bc6d-8e80a6a0e25e	16	55782793	78337711	14208	-0.6741
caad6d94-41bc-401e-bc6d-8e80a6a0e25e	16	78338543	78350841	16	-2.1153
caad6d94-41bc-401e-bc6d-8e80a6a0e25e	16	78350868	88745842	9940	-0.7168
caad6d94-41bc-401e-bc6d-8e80a6a0e25e	16	88752178	90096867	582	0.095
caad6d94-41bc-401e-bc6d-8e80a6a0e25e	17	150733	11936223	7121	-0.7097
caad6d94-41bc-401e-bc6d-8e80a6a0e25e	17	11936430	12018627	40	0.2004
caad6d94-41bc-401e-bc6d-8e80a6a0e25e	17	12024113	12039748	8	-0.6676
caad6d94-41bc-401e-bc6d-8e80a6a0e25e	17	12053675	12823395	550	1.4693
caad6d94-41bc-401e-bc6d-8e80a6a0e25e	17	12825811	13018328	152	0.8099
caad6d94-41bc-401e-bc6d-8e80a6a0e25e	17	13022960	13023595	2	0.5489
caad6d94-41bc-401e-bc6d-8e80a6a0e25e	17	13024337	13257331	186	-0.6769
caad6d94-41bc-401e-bc6d-8e80a6a0e25e	17	13264723	15484085	1822	0.224
caad6d94-41bc-401e-bc6d-8e80a6a0e25e	17	15484371	15623842	57	0.0636
caad6d94-41bc-401e-bc6d-8e80a6a0e25e	17	15639847	15643476	3	-0.9866
caad6d94-41bc-401e-bc6d-8e80a6a0e25e	17	15650964	18452078	1383	0.1008
caad6d94-41bc-401e-bc6d-8e80a6a0e25e	17	18455632	18561907	26	-1.3892
caad6d94-41bc-401e-bc6d-8e80a6a0e25e	17	18565883	18606845	8	0.3486
caad6d94-41bc-401e-bc6d-8e80a6a0e25e	17	18626375	18711122	24	-0.0025
caad6d94-41bc-401e-bc6d-8e80a6a0e25e	17	18712507	18819091	30	0.2645
caad6d94-41bc-401e-bc6d-8e80a6a0e25e	17	18819522	20488847	738	0.0474
caad6d94-41bc-401e-bc6d-8e80a6a0e25e	17	20530272	27718804	1081	0.1946
caad6d94-41bc-401e-bc6d-8e80a6a0e25e	17	27721382	27722899	2	-1.2051
caad6d94-41bc-401e-bc6d-8e80a6a0e25e	17	27723373	36112585	4937	0.2058
caad6d94-41bc-401e-bc6d-8e80a6a0e25e	17	36113405	36157718	33	0.5499
caad6d94-41bc-401e-bc6d-8e80a6a0e25e	17	36200725	41265456	2521	0.1939
caad6d94-41bc-401e-bc6d-8e80a6a0e25e	17	41266762	41274198	23	-1.0016
caad6d94-41bc-401e-bc6d-8e80a6a0e25e	17	41274279	45408758	2127	0.1968
caad6d94-41bc-401e-bc6d-8e80a6a0e25e	17	45415609	46127007	399	0.0451
caad6d94-41bc-401e-bc6d-8e80a6a0e25e	17	46130778	83091923	21615	0.2051
caad6d94-41bc-401e-bc6d-8e80a6a0e25e	18	48133	6610813	4680	0.1633
caad6d94-41bc-401e-bc6d-8e80a6a0e25e	18	6611887	25706360	8497	0.2036
caad6d94-41bc-401e-bc6d-8e80a6a0e25e	18	25708796	37230290	7308	0.1699
caad6d94-41bc-401e-bc6d-8e80a6a0e25e	18	37233265	37785625	382	0.2715
caad6d94-41bc-401e-bc6d-8e80a6a0e25e	18	37787886	44660445	4411	0.1789
caad6d94-41bc-401e-bc6d-8e80a6a0e25e	18	44660593	50969111	4426	0.2209
caad6d94-41bc-401e-bc6d-8e80a6a0e25e	18	50969457	56917361	3914	0.1776
caad6d94-41bc-401e-bc6d-8e80a6a0e25e	18	56918356	59947183	2273	0.2276
caad6d94-41bc-401e-bc6d-8e80a6a0e25e	18	59947859	65533230	3933	0.1802
caad6d94-41bc-401e-bc6d-8e80a6a0e25e	18	65533243	65537481	17	0.9995
caad6d94-41bc-401e-bc6d-8e80a6a0e25e	18	65540037	66095064	415	0.2111
caad6d94-41bc-401e-bc6d-8e80a6a0e25e	18	66099904	66100686	3	-2.4899
caad6d94-41bc-401e-bc6d-8e80a6a0e25e	18	66108359	71372660	3758	0.1661
caad6d94-41bc-401e-bc6d-8e80a6a0e25e	18	71373631	72143023	589	0.2333
caad6d94-41bc-401e-bc6d-8e80a6a0e25e	18	72146642	72148656	3	-1.0306
caad6d94-41bc-401e-bc6d-8e80a6a0e25e	18	72149967	79372793	5587	0.2148
caad6d94-41bc-401e-bc6d-8e80a6a0e25e	18	79373147	80257174	416	0.0903
caad6d94-41bc-401e-bc6d-8e80a6a0e25e	19	90910	12422445	4960	0.1997
caad6d94-41bc-401e-bc6d-8e80a6a0e25e	19	12427951	12428068	2	-3.4044
caad6d94-41bc-401e-bc6d-8e80a6a0e25e	19	12428785	21632117	4632	0.1965
caad6d94-41bc-401e-bc6d-8e80a6a0e25e	19	21632838	21637067	2	-1.5331
caad6d94-41bc-401e-bc6d-8e80a6a0e25e	19	21637309	27329324	1555	0.1853
caad6d94-41bc-401e-bc6d-8e80a6a0e25e	19	27330071	27706033	62	0.6773
caad6d94-41bc-401e-bc6d-8e80a6a0e25e	19	27707365	28758800	776	1.1392
caad6d94-41bc-401e-bc6d-8e80a6a0e25e	19	28762536	28791520	18	0.7147
caad6d94-41bc-401e-bc6d-8e80a6a0e25e	19	28791952	33789546	3630	0.2323
caad6d94-41bc-401e-bc6d-8e80a6a0e25e	19	33790539	42934598	4797	0.1803
caad6d94-41bc-401e-bc6d-8e80a6a0e25e	19	42936025	42940901	5	-1.1171
caad6d94-41bc-401e-bc6d-8e80a6a0e25e	19	42943316	52331957	4756	0.1796
caad6d94-41bc-401e-bc6d-8e80a6a0e25e	19	52332211	52335496	2	-1.745
caad6d94-41bc-401e-bc6d-8e80a6a0e25e	19	52336221	54801157	1558	0.1634
caad6d94-41bc-401e-bc6d-8e80a6a0e25e	19	54801545	54802362	2	-1.5227
caad6d94-41bc-401e-bc6d-8e80a6a0e25e	19	54802832	55766684	460	0.1726
caad6d94-41bc-401e-bc6d-8e80a6a0e25e	19	55770704	55771701	5	1.1616
caad6d94-41bc-401e-bc6d-8e80a6a0e25e	19	55774927	57103806	962	0.2005
caad6d94-41bc-401e-bc6d-8e80a6a0e25e	19	57104108	57105415	2	-1.7183
caad6d94-41bc-401e-bc6d-8e80a6a0e25e	19	57109644	58429147	812	0.1802
caad6d94-41bc-401e-bc6d-8e80a6a0e25e	19	58432041	58433008	2	-3.32
caad6d94-41bc-401e-bc6d-8e80a6a0e25e	19	58434689	58586487	52	0.0645
caad6d94-41bc-401e-bc6d-8e80a6a0e25e	20	80664	960856	702	0.1682
caad6d94-41bc-401e-bc6d-8e80a6a0e25e	20	961022	965855	3	-0.988
caad6d94-41bc-401e-bc6d-8e80a6a0e25e	20	966371	1590128	506	0.1472
caad6d94-41bc-401e-bc6d-8e80a6a0e25e	20	1590140	1601446	24	-0.4993
caad6d94-41bc-401e-bc6d-8e80a6a0e25e	20	1601561	1613247	6	-1.6861
caad6d94-41bc-401e-bc6d-8e80a6a0e25e	20	1617300	1936086	267	0.1987
caad6d94-41bc-401e-bc6d-8e80a6a0e25e	20	1936563	1936644	2	-2.3253
caad6d94-41bc-401e-bc6d-8e80a6a0e25e	20	1938678	56853433	35593	0.2128
caad6d94-41bc-401e-bc6d-8e80a6a0e25e	20	56854768	62841244	4583	0.2598
caad6d94-41bc-401e-bc6d-8e80a6a0e25e	20	62847542	62917845	45	0.1016
caad6d94-41bc-401e-bc6d-8e80a6a0e25e	20	62917850	63588484	220	0.2232
caad6d94-41bc-401e-bc6d-8e80a6a0e25e	20	63588502	64324800	312	0.0538
caad6d94-41bc-401e-bc6d-8e80a6a0e25e	21	10354168	30846180	12684	0.1776
caad6d94-41bc-401e-bc6d-8e80a6a0e25e	21	30846627	39575330	6398	0.2132
caad6d94-41bc-401e-bc6d-8e80a6a0e25e	21	39575388	39575425	2	-1.339
caad6d94-41bc-401e-bc6d-8e80a6a0e25e	21	39575548	42546537	2612	0.2484
caad6d94-41bc-401e-bc6d-8e80a6a0e25e	21	42554200	46677045	2097	0.1721
caad6d94-41bc-401e-bc6d-8e80a6a0e25e	22	15294547	19116085	1257	0.1977
caad6d94-41bc-401e-bc6d-8e80a6a0e25e	22	19116673	22395495	2190	0.12
caad6d94-41bc-401e-bc6d-8e80a6a0e25e	22	22395652	22398545	12	-0.488
caad6d94-41bc-401e-bc6d-8e80a6a0e25e	22	22402989	23467878	625	0.1246
caad6d94-41bc-401e-bc6d-8e80a6a0e25e	22	23472602	23539400	57	0.2839
caad6d94-41bc-401e-bc6d-8e80a6a0e25e	22	23545562	24809079	699	0.1753
caad6d94-41bc-401e-bc6d-8e80a6a0e25e	22	24809133	25210240	306	0.2657
caad6d94-41bc-401e-bc6d-8e80a6a0e25e	22	25210380	25210907	5	-0.4422
caad6d94-41bc-401e-bc6d-8e80a6a0e25e	22	25211818	25268018	59	0.2151
caad6d94-41bc-401e-bc6d-8e80a6a0e25e	22	25268834	25743126	423	0.0876
caad6d94-41bc-401e-bc6d-8e80a6a0e25e	22	25743205	27705774	2067	0.2612
caad6d94-41bc-401e-bc6d-8e80a6a0e25e	22	27706050	32368936	2657	0.2169
caad6d94-41bc-401e-bc6d-8e80a6a0e25e	22	32370865	35560965	2868	0.2614
caad6d94-41bc-401e-bc6d-8e80a6a0e25e	22	35564674	42625548	3951	0.1968
caad6d94-41bc-401e-bc6d-8e80a6a0e25e	22	42626687	47794978	3755	0.2556
caad6d94-41bc-401e-bc6d-8e80a6a0e25e	22	47795146	47802442	10	-0.4239
caad6d94-41bc-401e-bc6d-8e80a6a0e25e	22	47803979	48940621	1099	0.264
caad6d94-41bc-401e-bc6d-8e80a6a0e25e	22	48942510	49142121	229	0.1219
caad6d94-41bc-401e-bc6d-8e80a6a0e25e	22	49142172	49142358	2	-1.4741
caad6d94-41bc-401e-bc6d-8e80a6a0e25e	22	49142526	50796027	957	0.1043
caad6d94-41bc-401e-bc6d-8e80a6a0e25e	X	251810	3110586	319	-0.072
caad6d94-41bc-401e-bc6d-8e80a6a0e25e	X	3111077	76359301	38932	0.0338
caad6d94-41bc-401e-bc6d-8e80a6a0e25e	X	76364093	155952689	44060	-0.0193
caad6d94-41bc-401e-bc6d-8e80a6a0e25e	Y	2782397	3024380	118	-2.9725
caad6d94-41bc-401e-bc6d-8e80a6a0e25e	Y	3025189	6076562	602	-2.5214
caad6d94-41bc-401e-bc6d-8e80a6a0e25e	Y	6080059	7759870	614	-2.9628
caad6d94-41bc-401e-bc6d-8e80a6a0e25e	Y	7760443	9921955	988	-3.2508
caad6d94-41bc-401e-bc6d-8e80a6a0e25e	Y	9937005	13478396	943	-2.9608
caad6d94-41bc-401e-bc6d-8e80a6a0e25e	Y	13478462	13482643	3	-7.7452
caad6d94-41bc-401e-bc6d-8e80a6a0e25e	Y	13483009	56872112	3369	-3.0128
