GDC_Aliquot	Chromosome	Start	End	Num_Probes	Segment_Mean
1557ec60-bb88-4941-8c61-a00bc1bec7c6	1	62920	86341	11	1.0342
1557ec60-bb88-4941-8c61-a00bc1bec7c6	1	98588	20657370	11286	-0.6239
1557ec60-bb88-4941-8c61-a00bc1bec7c6	1	20658061	25292549	2652	0.3022
1557ec60-bb88-4941-8c61-a00bc1bec7c6	1	25301974	25320455	7	1.1548
1557ec60-bb88-4941-8c61-a00bc1bec7c6	1	25336819	34626073	4936	0.2955
1557ec60-bb88-4941-8c61-a00bc1bec7c6	1	34637053	34638890	20	-0.307
1557ec60-bb88-4941-8c61-a00bc1bec7c6	1	34648667	38117186	1811	0.3043
1557ec60-bb88-4941-8c61-a00bc1bec7c6	1	38118360	38119077	2	-1.1596
1557ec60-bb88-4941-8c61-a00bc1bec7c6	1	38119209	54225615	8969	0.2964
1557ec60-bb88-4941-8c61-a00bc1bec7c6	1	54226155	60816667	4979	0.3312
1557ec60-bb88-4941-8c61-a00bc1bec7c6	1	60818782	68772408	5861	0.3055
1557ec60-bb88-4941-8c61-a00bc1bec7c6	1	68773759	69018254	127	-0.4804
1557ec60-bb88-4941-8c61-a00bc1bec7c6	1	69020375	72284670	1932	0.3151
1557ec60-bb88-4941-8c61-a00bc1bec7c6	1	72290430	72297687	9	-0.7567
1557ec60-bb88-4941-8c61-a00bc1bec7c6	1	72302735	72345465	48	0.5711
1557ec60-bb88-4941-8c61-a00bc1bec7c6	1	72346221	86695954	9328	0.3031
1557ec60-bb88-4941-8c61-a00bc1bec7c6	1	86697550	86699910	3	-1.1248
1557ec60-bb88-4941-8c61-a00bc1bec7c6	1	86706044	87093041	189	0.2515
1557ec60-bb88-4941-8c61-a00bc1bec7c6	1	87094602	88549260	1107	0.3253
1557ec60-bb88-4941-8c61-a00bc1bec7c6	1	88549308	89009572	279	0.2503
1557ec60-bb88-4941-8c61-a00bc1bec7c6	1	89012275	89012522	2	1.2822
1557ec60-bb88-4941-8c61-a00bc1bec7c6	1	89015841	89518959	296	0.2663
1557ec60-bb88-4941-8c61-a00bc1bec7c6	1	89525955	105476583	9654	-0.5809
1557ec60-bb88-4941-8c61-a00bc1bec7c6	1	105476614	105479753	16	-1.6324
1557ec60-bb88-4941-8c61-a00bc1bec7c6	1	105481433	108845864	2212	-0.5794
1557ec60-bb88-4941-8c61-a00bc1bec7c6	1	108849540	108955523	74	-0.0881
1557ec60-bb88-4941-8c61-a00bc1bec7c6	1	108961034	109690949	336	-0.6102
1557ec60-bb88-4941-8c61-a00bc1bec7c6	1	109691609	109691788	2	-2.7271
1557ec60-bb88-4941-8c61-a00bc1bec7c6	1	109691933	112147704	1940	-0.5989
1557ec60-bb88-4941-8c61-a00bc1bec7c6	1	112153343	112154591	22	-0.0487
1557ec60-bb88-4941-8c61-a00bc1bec7c6	1	112154619	114289343	1315	-0.5926
1557ec60-bb88-4941-8c61-a00bc1bec7c6	1	114291004	114291088	2	-2.1063
1557ec60-bb88-4941-8c61-a00bc1bec7c6	1	114291180	116721484	1600	-0.5847
1557ec60-bb88-4941-8c61-a00bc1bec7c6	1	116721539	116724057	2	-2.324
1557ec60-bb88-4941-8c61-a00bc1bec7c6	1	116725418	121561051	2178	-0.5787
1557ec60-bb88-4941-8c61-a00bc1bec7c6	1	121562160	146161924	322	-0.0231
1557ec60-bb88-4941-8c61-a00bc1bec7c6	1	146174153	147004967	5	-0.7436
1557ec60-bb88-4941-8c61-a00bc1bec7c6	1	147008051	148359050	668	0.2986
1557ec60-bb88-4941-8c61-a00bc1bec7c6	1	148926674	152583230	1454	-0.0886
1557ec60-bb88-4941-8c61-a00bc1bec7c6	1	152583291	152614064	32	-2.0036
1557ec60-bb88-4941-8c61-a00bc1bec7c6	1	152614100	152789447	169	-0.0544
1557ec60-bb88-4941-8c61-a00bc1bec7c6	1	152789463	152795487	30	0.5981
1557ec60-bb88-4941-8c61-a00bc1bec7c6	1	152795783	158896783	3601	-0.071
1557ec60-bb88-4941-8c61-a00bc1bec7c6	1	158898711	158899969	2	-1.5192
1557ec60-bb88-4941-8c61-a00bc1bec7c6	1	158905028	158989785	62	-0.0816
1557ec60-bb88-4941-8c61-a00bc1bec7c6	1	158992249	158993006	2	-1.5852
1557ec60-bb88-4941-8c61-a00bc1bec7c6	1	158997074	174827267	11056	-0.0646
1557ec60-bb88-4941-8c61-a00bc1bec7c6	1	174827418	174832716	17	-1.2519
1557ec60-bb88-4941-8c61-a00bc1bec7c6	1	174832734	209897717	23407	-0.0634
1557ec60-bb88-4941-8c61-a00bc1bec7c6	1	209908268	209910639	3	-2.332
1557ec60-bb88-4941-8c61-a00bc1bec7c6	1	209913207	212831113	1941	-0.0617
1557ec60-bb88-4941-8c61-a00bc1bec7c6	1	212831670	212837094	7	-1.5548
1557ec60-bb88-4941-8c61-a00bc1bec7c6	1	212841111	247812751	24388	-0.0578
1557ec60-bb88-4941-8c61-a00bc1bec7c6	1	247812806	247821756	9	-0.9199
1557ec60-bb88-4941-8c61-a00bc1bec7c6	1	247828258	248930189	580	-0.0588
1557ec60-bb88-4941-8c61-a00bc1bec7c6	2	12784	4158097	2968	-0.6228
1557ec60-bb88-4941-8c61-a00bc1bec7c6	2	4166274	4176429	42	-2.0236
1557ec60-bb88-4941-8c61-a00bc1bec7c6	2	4182472	7954747	3205	-0.609
1557ec60-bb88-4941-8c61-a00bc1bec7c6	2	7955027	7959627	10	-1.9308
1557ec60-bb88-4941-8c61-a00bc1bec7c6	2	7959792	34466002	17683	-0.6036
1557ec60-bb88-4941-8c61-a00bc1bec7c6	2	34474248	34515690	50	-0.049
1557ec60-bb88-4941-8c61-a00bc1bec7c6	2	34515732	46497778	8881	-0.5933
1557ec60-bb88-4941-8c61-a00bc1bec7c6	2	46498362	46498377	2	-3.2332
1557ec60-bb88-4941-8c61-a00bc1bec7c6	2	46502270	77592502	20156	-0.5906
1557ec60-bb88-4941-8c61-a00bc1bec7c6	2	77598743	86412951	5568	0.798
1557ec60-bb88-4941-8c61-a00bc1bec7c6	2	86416624	86455745	19	1.2341
1557ec60-bb88-4941-8c61-a00bc1bec7c6	2	86456519	86570575	45	1.5208
1557ec60-bb88-4941-8c61-a00bc1bec7c6	2	86582723	86828126	110	1.1859
1557ec60-bb88-4941-8c61-a00bc1bec7c6	2	86829682	87447605	109	0.964
1557ec60-bb88-4941-8c61-a00bc1bec7c6	2	87458477	89956227	711	0.2781
1557ec60-bb88-4941-8c61-a00bc1bec7c6	2	89960252	89981062	5	-1.0153
1557ec60-bb88-4941-8c61-a00bc1bec7c6	2	89981175	90191705	86	-0.4842
1557ec60-bb88-4941-8c61-a00bc1bec7c6	2	90192691	90228255	30	-0.8346
1557ec60-bb88-4941-8c61-a00bc1bec7c6	2	90230139	97359885	944	0.2896
1557ec60-bb88-4941-8c61-a00bc1bec7c6	2	97524284	97545247	8	1.2557
1557ec60-bb88-4941-8c61-a00bc1bec7c6	2	97545726	204952145	64546	0.3045
1557ec60-bb88-4941-8c61-a00bc1bec7c6	2	204956370	204963058	9	-0.5487
1557ec60-bb88-4941-8c61-a00bc1bec7c6	2	204964033	228892290	15535	0.3197
1557ec60-bb88-4941-8c61-a00bc1bec7c6	2	228894763	228895197	8	-2.3009
1557ec60-bb88-4941-8c61-a00bc1bec7c6	2	228895367	236894723	5121	0.3105
1557ec60-bb88-4941-8c61-a00bc1bec7c6	2	236894890	236895291	4	-0.5989
1557ec60-bb88-4941-8c61-a00bc1bec7c6	2	236895339	237035524	130	0.2789
1557ec60-bb88-4941-8c61-a00bc1bec7c6	2	237035913	241266056	2588	0.3382
1557ec60-bb88-4941-8c61-a00bc1bec7c6	2	241269377	242147305	337	0.2398
1557ec60-bb88-4941-8c61-a00bc1bec7c6	3	20930	1157525	935	0.1556
1557ec60-bb88-4941-8c61-a00bc1bec7c6	3	1157779	11365854	8577	0.2062
1557ec60-bb88-4941-8c61-a00bc1bec7c6	3	11365886	21707297	6699	0.1802
1557ec60-bb88-4941-8c61-a00bc1bec7c6	3	21710504	21715842	13	-0.4335
1557ec60-bb88-4941-8c61-a00bc1bec7c6	3	21721118	37935926	11313	0.1857
1557ec60-bb88-4941-8c61-a00bc1bec7c6	3	37940617	37945392	17	-0.7516
1557ec60-bb88-4941-8c61-a00bc1bec7c6	3	37945437	52989195	8052	0.1736
1557ec60-bb88-4941-8c61-a00bc1bec7c6	3	52994359	53005100	37	-0.4666
1557ec60-bb88-4941-8c61-a00bc1bec7c6	3	53005201	59807336	4634	0.1978
1557ec60-bb88-4941-8c61-a00bc1bec7c6	3	59807935	59810199	3	-1.7704
1557ec60-bb88-4941-8c61-a00bc1bec7c6	3	59810815	68697013	7362	0.2085
1557ec60-bb88-4941-8c61-a00bc1bec7c6	3	68697108	68698262	14	-1.5069
1557ec60-bb88-4941-8c61-a00bc1bec7c6	3	68699607	75519398	4915	0.1901
1557ec60-bb88-4941-8c61-a00bc1bec7c6	3	75523398	75547095	8	0.8188
1557ec60-bb88-4941-8c61-a00bc1bec7c6	3	75559488	84053071	4658	0.1748
1557ec60-bb88-4941-8c61-a00bc1bec7c6	3	84056282	84057015	2	-1.0177
1557ec60-bb88-4941-8c61-a00bc1bec7c6	3	84061816	84650607	301	0.2056
1557ec60-bb88-4941-8c61-a00bc1bec7c6	3	84650642	84652985	12	-0.4513
1557ec60-bb88-4941-8c61-a00bc1bec7c6	3	84653010	90316083	3115	0.1886
1557ec60-bb88-4941-8c61-a00bc1bec7c6	3	90321148	99225632	2855	0.2782
1557ec60-bb88-4941-8c61-a00bc1bec7c6	3	99225667	99226551	13	-1.7246
1557ec60-bb88-4941-8c61-a00bc1bec7c6	3	99226566	99230068	9	-3.5239
1557ec60-bb88-4941-8c61-a00bc1bec7c6	3	99230187	99230577	14	-1.4657
1557ec60-bb88-4941-8c61-a00bc1bec7c6	3	99232120	122927165	14369	0.2841
1557ec60-bb88-4941-8c61-a00bc1bec7c6	3	122927981	125311035	1633	0.3234
1557ec60-bb88-4941-8c61-a00bc1bec7c6	3	125311537	125716589	188	0.2723
1557ec60-bb88-4941-8c61-a00bc1bec7c6	3	125717394	125739919	11	0.9058
1557ec60-bb88-4941-8c61-a00bc1bec7c6	3	125743486	130067443	2461	0.2906
1557ec60-bb88-4941-8c61-a00bc1bec7c6	3	130067531	130088081	31	0.6462
1557ec60-bb88-4941-8c61-a00bc1bec7c6	3	130088155	131987852	1164	0.288
1557ec60-bb88-4941-8c61-a00bc1bec7c6	3	131989313	131996155	3	-0.7809
1557ec60-bb88-4941-8c61-a00bc1bec7c6	3	131999130	136691346	2983	0.2943
1557ec60-bb88-4941-8c61-a00bc1bec7c6	3	136696296	137001720	118	0.561
1557ec60-bb88-4941-8c61-a00bc1bec7c6	3	137006407	143566923	4073	0.295
1557ec60-bb88-4941-8c61-a00bc1bec7c6	3	143566958	143567132	4	1.4571
1557ec60-bb88-4941-8c61-a00bc1bec7c6	3	143567959	162790480	11862	0.2821
1557ec60-bb88-4941-8c61-a00bc1bec7c6	3	162794869	162908207	70	-1.4321
1557ec60-bb88-4941-8c61-a00bc1bec7c6	3	162908784	165323075	1314	0.279
1557ec60-bb88-4941-8c61-a00bc1bec7c6	3	165323760	165364151	65	-0.6239
1557ec60-bb88-4941-8c61-a00bc1bec7c6	3	165367641	186762444	13094	0.2836
1557ec60-bb88-4941-8c61-a00bc1bec7c6	3	186768544	186803833	25	0.8181
1557ec60-bb88-4941-8c61-a00bc1bec7c6	3	186803884	192371389	4074	0.2885
1557ec60-bb88-4941-8c61-a00bc1bec7c6	3	192372835	192374288	5	-0.4418
1557ec60-bb88-4941-8c61-a00bc1bec7c6	3	192374317	193160173	543	0.2615
1557ec60-bb88-4941-8c61-a00bc1bec7c6	3	193160256	193161217	5	1.3493
1557ec60-bb88-4941-8c61-a00bc1bec7c6	3	193162684	195685341	1497	0.3018
1557ec60-bb88-4941-8c61-a00bc1bec7c6	3	195691392	195747892	39	0.7773
1557ec60-bb88-4941-8c61-a00bc1bec7c6	3	195751823	197975430	1057	0.2763
1557ec60-bb88-4941-8c61-a00bc1bec7c6	3	197980763	198169247	108	0.1881
1557ec60-bb88-4941-8c61-a00bc1bec7c6	4	68929	5683443	2861	0.2619
1557ec60-bb88-4941-8c61-a00bc1bec7c6	4	5684799	9455251	2279	0.3497
1557ec60-bb88-4941-8c61-a00bc1bec7c6	4	9459504	9484440	7	-0.5391
1557ec60-bb88-4941-8c61-a00bc1bec7c6	4	9494650	10229874	564	0.3369
1557ec60-bb88-4941-8c61-a00bc1bec7c6	4	10232590	10232642	2	-0.5388
1557ec60-bb88-4941-8c61-a00bc1bec7c6	4	10232984	10377455	164	0.3389
1557ec60-bb88-4941-8c61-a00bc1bec7c6	4	10379058	10389091	9	0.2866
1557ec60-bb88-4941-8c61-a00bc1bec7c6	4	10390730	10399044	16	-0.3532
1557ec60-bb88-4941-8c61-a00bc1bec7c6	4	10401094	34777353	16747	0.2999
1557ec60-bb88-4941-8c61-a00bc1bec7c6	4	34777382	34828250	43	0.6238
1557ec60-bb88-4941-8c61-a00bc1bec7c6	4	34828291	49087357	8932	0.2856
1557ec60-bb88-4941-8c61-a00bc1bec7c6	4	49091769	49654496	30	-0.1366
1557ec60-bb88-4941-8c61-a00bc1bec7c6	4	49654578	63653317	7431	0.2922
1557ec60-bb88-4941-8c61-a00bc1bec7c6	4	63653441	68352434	2990	-0.0866
1557ec60-bb88-4941-8c61-a00bc1bec7c6	4	68354665	68620261	90	0.3324
1557ec60-bb88-4941-8c61-a00bc1bec7c6	4	68623617	114252500	27592	-0.0739
1557ec60-bb88-4941-8c61-a00bc1bec7c6	4	114252544	114263073	25	0.3327
1557ec60-bb88-4941-8c61-a00bc1bec7c6	4	114263096	115244948	604	-0.0807
1557ec60-bb88-4941-8c61-a00bc1bec7c6	4	115251455	115254969	22	-1.1832
1557ec60-bb88-4941-8c61-a00bc1bec7c6	4	115259026	189267889	45972	-0.0717
1557ec60-bb88-4941-8c61-a00bc1bec7c6	4	189273964	189278110	4	-2.9293
1557ec60-bb88-4941-8c61-a00bc1bec7c6	4	189278617	190106768	350	-0.0772
1557ec60-bb88-4941-8c61-a00bc1bec7c6	5	15532	905586	372	0.2568
1557ec60-bb88-4941-8c61-a00bc1bec7c6	5	905757	908425	2	-1.397
1557ec60-bb88-4941-8c61-a00bc1bec7c6	5	913276	1351423	223	0.287
1557ec60-bb88-4941-8c61-a00bc1bec7c6	5	1359823	1927179	344	0.3255
1557ec60-bb88-4941-8c61-a00bc1bec7c6	5	1927239	1930253	4	-0.6094
1557ec60-bb88-4941-8c61-a00bc1bec7c6	5	1933841	12819201	9212	0.3256
1557ec60-bb88-4941-8c61-a00bc1bec7c6	5	12819263	12826538	8	0.9438
1557ec60-bb88-4941-8c61-a00bc1bec7c6	5	12833745	15718383	1967	0.3216
1557ec60-bb88-4941-8c61-a00bc1bec7c6	5	15719113	15720488	11	-0.5187
1557ec60-bb88-4941-8c61-a00bc1bec7c6	5	15723237	17833550	1345	0.3313
1557ec60-bb88-4941-8c61-a00bc1bec7c6	5	17833835	20507006	1667	0.2802
1557ec60-bb88-4941-8c61-a00bc1bec7c6	5	20507358	20510934	2	-0.8168
1557ec60-bb88-4941-8c61-a00bc1bec7c6	5	20511302	33095746	7694	0.2825
1557ec60-bb88-4941-8c61-a00bc1bec7c6	5	33099936	34599942	909	0.344
1557ec60-bb88-4941-8c61-a00bc1bec7c6	5	34599967	34599977	2	-0.9969
1557ec60-bb88-4941-8c61-a00bc1bec7c6	5	34600158	39540806	3307	0.3331
1557ec60-bb88-4941-8c61-a00bc1bec7c6	5	39545311	46196012	3482	0.2669
1557ec60-bb88-4941-8c61-a00bc1bec7c6	5	46199332	46199333	2	-1.3234
1557ec60-bb88-4941-8c61-a00bc1bec7c6	5	46209197	46271006	15	0.3171
1557ec60-bb88-4941-8c61-a00bc1bec7c6	5	46271828	46313245	8	1.2076
1557ec60-bb88-4941-8c61-a00bc1bec7c6	5	46313400	53108689	1710	0.2694
1557ec60-bb88-4941-8c61-a00bc1bec7c6	5	53109452	53113609	2	-1.8408
1557ec60-bb88-4941-8c61-a00bc1bec7c6	5	53115955	58025819	3347	0.2842
1557ec60-bb88-4941-8c61-a00bc1bec7c6	5	58030200	58037706	32	1.7914
1557ec60-bb88-4941-8c61-a00bc1bec7c6	5	58042530	69550476	7283	0.2782
1557ec60-bb88-4941-8c61-a00bc1bec7c6	5	69571467	70959068	10	-0.3418
1557ec60-bb88-4941-8c61-a00bc1bec7c6	5	70959069	76144530	3117	0.2778
1557ec60-bb88-4941-8c61-a00bc1bec7c6	5	76144597	76154319	16	-0.2631
1557ec60-bb88-4941-8c61-a00bc1bec7c6	5	76154351	104515520	16336	0.2693
1557ec60-bb88-4941-8c61-a00bc1bec7c6	5	104524672	104524903	4	-1.4283
1557ec60-bb88-4941-8c61-a00bc1bec7c6	5	104525348	106288942	1085	0.2613
1557ec60-bb88-4941-8c61-a00bc1bec7c6	5	106289272	106334821	24	-0.4928
1557ec60-bb88-4941-8c61-a00bc1bec7c6	5	106337727	135015780	18703	0.276
1557ec60-bb88-4941-8c61-a00bc1bec7c6	5	135015833	135016107	2	-1.2251
1557ec60-bb88-4941-8c61-a00bc1bec7c6	5	135016880	137957682	2062	0.2952
1557ec60-bb88-4941-8c61-a00bc1bec7c6	5	137958574	138028571	32	0.576
1557ec60-bb88-4941-8c61-a00bc1bec7c6	5	138039938	141268049	1437	0.262
1557ec60-bb88-4941-8c61-a00bc1bec7c6	5	141268847	141268983	2	-0.9117
1557ec60-bb88-4941-8c61-a00bc1bec7c6	5	141273689	152365980	7520	0.2848
1557ec60-bb88-4941-8c61-a00bc1bec7c6	5	152367462	152421861	29	0.6801
1557ec60-bb88-4941-8c61-a00bc1bec7c6	5	152426315	156048095	2443	0.2837
1557ec60-bb88-4941-8c61-a00bc1bec7c6	5	156049762	156068249	17	-0.5108
1557ec60-bb88-4941-8c61-a00bc1bec7c6	5	156073982	159117927	2112	0.2878
1557ec60-bb88-4941-8c61-a00bc1bec7c6	5	159118430	159149873	17	-0.5222
1557ec60-bb88-4941-8c61-a00bc1bec7c6	5	159150280	175946505	11897	0.2798
1557ec60-bb88-4941-8c61-a00bc1bec7c6	5	175960543	175966609	3	2.0302
1557ec60-bb88-4941-8c61-a00bc1bec7c6	5	175966747	176033084	10	0.5824
1557ec60-bb88-4941-8c61-a00bc1bec7c6	5	176038686	176050177	5	-0.9052
1557ec60-bb88-4941-8c61-a00bc1bec7c6	5	176097194	177740962	717	0.2425
1557ec60-bb88-4941-8c61-a00bc1bec7c6	5	177770954	177771448	2	-1.083
1557ec60-bb88-4941-8c61-a00bc1bec7c6	5	177800550	177805604	3	3.324
1557ec60-bb88-4941-8c61-a00bc1bec7c6	5	177827964	180945168	1790	0.2757
1557ec60-bb88-4941-8c61-a00bc1bec7c6	5	180947484	180991103	21	-0.2242
1557ec60-bb88-4941-8c61-a00bc1bec7c6	5	181006225	181363319	168	0.2696
1557ec60-bb88-4941-8c61-a00bc1bec7c6	6	149661	254283	101	0.0377
1557ec60-bb88-4941-8c61-a00bc1bec7c6	6	257353	329869	38	0.6234
1557ec60-bb88-4941-8c61-a00bc1bec7c6	6	330704	4467770	3418	0.1168
1557ec60-bb88-4941-8c61-a00bc1bec7c6	6	4470144	4470347	2	-1.5053
1557ec60-bb88-4941-8c61-a00bc1bec7c6	6	4471238	29869411	18034	0.1095
1557ec60-bb88-4941-8c61-a00bc1bec7c6	6	29869537	29876257	8	-0.4444
1557ec60-bb88-4941-8c61-a00bc1bec7c6	6	29876595	29881490	6	-1.5658
1557ec60-bb88-4941-8c61-a00bc1bec7c6	6	29882419	29931900	16	0.0704
1557ec60-bb88-4941-8c61-a00bc1bec7c6	6	29933787	29948709	11	0.7133
1557ec60-bb88-4941-8c61-a00bc1bec7c6	6	29948728	31309909	632	0.1034
1557ec60-bb88-4941-8c61-a00bc1bec7c6	6	31313046	31328674	12	1.0406
1557ec60-bb88-4941-8c61-a00bc1bec7c6	6	31342147	32463515	493	0.1488
1557ec60-bb88-4941-8c61-a00bc1bec7c6	6	32463775	32533522	19	1.3135
1557ec60-bb88-4941-8c61-a00bc1bec7c6	6	32540699	32656527	42	0.3639
1557ec60-bb88-4941-8c61-a00bc1bec7c6	6	32656814	45138948	7878	0.1127
1557ec60-bb88-4941-8c61-a00bc1bec7c6	6	45146133	45148524	3	-1.2766
1557ec60-bb88-4941-8c61-a00bc1bec7c6	6	45164527	45525531	174	0.0925
1557ec60-bb88-4941-8c61-a00bc1bec7c6	6	45529812	45800692	198	0.1614
1557ec60-bb88-4941-8c61-a00bc1bec7c6	6	45801198	45802515	5	-0.6316
1557ec60-bb88-4941-8c61-a00bc1bec7c6	6	45802609	49467882	2373	0.1588
1557ec60-bb88-4941-8c61-a00bc1bec7c6	6	49467981	49472092	3	-0.8924
1557ec60-bb88-4941-8c61-a00bc1bec7c6	6	49472547	63429350	6639	0.1475
1557ec60-bb88-4941-8c61-a00bc1bec7c6	6	63429951	64966663	830	-0.2122
1557ec60-bb88-4941-8c61-a00bc1bec7c6	6	64966680	67120640	1609	-0.2932
1557ec60-bb88-4941-8c61-a00bc1bec7c6	6	67121775	73882509	4305	-0.2463
1557ec60-bb88-4941-8c61-a00bc1bec7c6	6	73882741	73891694	9	-2.5721
1557ec60-bb88-4941-8c61-a00bc1bec7c6	6	73893839	76305231	1465	-0.2436
1557ec60-bb88-4941-8c61-a00bc1bec7c6	6	76307183	76307209	3	0.8535
1557ec60-bb88-4941-8c61-a00bc1bec7c6	6	76307276	76414241	87	-0.2647
1557ec60-bb88-4941-8c61-a00bc1bec7c6	6	76414256	76414759	2	-1.6629
1557ec60-bb88-4941-8c61-a00bc1bec7c6	6	76414958	76720013	205	-0.2395
1557ec60-bb88-4941-8c61-a00bc1bec7c6	6	76726442	76742956	21	-0.6608
1557ec60-bb88-4941-8c61-a00bc1bec7c6	6	76742972	78259388	978	-0.2376
1557ec60-bb88-4941-8c61-a00bc1bec7c6	6	78261980	78317798	103	0.0028
1557ec60-bb88-4941-8c61-a00bc1bec7c6	6	78318053	87210531	5507	-0.2309
1557ec60-bb88-4941-8c61-a00bc1bec7c6	6	87211344	103290458	9929	-0.2594
1557ec60-bb88-4941-8c61-a00bc1bec7c6	6	103290531	103304075	16	-0.6964
1557ec60-bb88-4941-8c61-a00bc1bec7c6	6	103304152	109916948	4113	-0.2623
1557ec60-bb88-4941-8c61-a00bc1bec7c6	6	109919856	109972413	59	-0.8669
1557ec60-bb88-4941-8c61-a00bc1bec7c6	6	109973021	144036980	21343	-0.2522
1557ec60-bb88-4941-8c61-a00bc1bec7c6	6	144038543	157498120	9163	-0.2907
1557ec60-bb88-4941-8c61-a00bc1bec7c6	6	157502450	159546679	1353	0.1347
1557ec60-bb88-4941-8c61-a00bc1bec7c6	6	159546892	170741917	7977	0.8311
1557ec60-bb88-4941-8c61-a00bc1bec7c6	7	43355	38239007	27271	0.1771
1557ec60-bb88-4941-8c61-a00bc1bec7c6	7	38239282	38258721	11	-0.5353
1557ec60-bb88-4941-8c61-a00bc1bec7c6	7	38263519	38271122	4	0.1006
1557ec60-bb88-4941-8c61-a00bc1bec7c6	7	38271497	38345240	108	0.4264
1557ec60-bb88-4941-8c61-a00bc1bec7c6	7	38347190	62526945	13040	0.1845
1557ec60-bb88-4941-8c61-a00bc1bec7c6	7	62526960	62696358	54	-0.3598
1557ec60-bb88-4941-8c61-a00bc1bec7c6	7	62701241	62701670	3	0.753
1557ec60-bb88-4941-8c61-a00bc1bec7c6	7	62701734	62925237	40	-0.2586
1557ec60-bb88-4941-8c61-a00bc1bec7c6	7	62925442	76514522	6070	-0.5832
1557ec60-bb88-4941-8c61-a00bc1bec7c6	7	76514576	76532105	7	0.3593
1557ec60-bb88-4941-8c61-a00bc1bec7c6	7	76550397	77183981	192	-0.402
1557ec60-bb88-4941-8c61-a00bc1bec7c6	7	77184039	84583506	5168	-0.6035
1557ec60-bb88-4941-8c61-a00bc1bec7c6	7	84588719	84597740	6	-2.3912
1557ec60-bb88-4941-8c61-a00bc1bec7c6	7	84598158	97705724	8047	-0.6026
1557ec60-bb88-4941-8c61-a00bc1bec7c6	7	97706221	97756658	50	-0.4995
1557ec60-bb88-4941-8c61-a00bc1bec7c6	7	97766148	97772733	12	-0.0026
1557ec60-bb88-4941-8c61-a00bc1bec7c6	7	97772779	97995218	121	-0.4642
1557ec60-bb88-4941-8c61-a00bc1bec7c6	7	97996332	100632098	1128	-0.6311
1557ec60-bb88-4941-8c61-a00bc1bec7c6	7	100634764	100636060	2	-2.3165
1557ec60-bb88-4941-8c61-a00bc1bec7c6	7	100636537	101923511	548	-0.6393
1557ec60-bb88-4941-8c61-a00bc1bec7c6	7	101930402	109800866	4806	0.2862
1557ec60-bb88-4941-8c61-a00bc1bec7c6	7	109801155	109813853	12	-0.4039
1557ec60-bb88-4941-8c61-a00bc1bec7c6	7	109813925	134100442	14698	0.287
1557ec60-bb88-4941-8c61-a00bc1bec7c6	7	134100458	134113356	30	-0.3569
1557ec60-bb88-4941-8c61-a00bc1bec7c6	7	134113790	140828771	4346	0.2911
1557ec60-bb88-4941-8c61-a00bc1bec7c6	7	140829022	140829299	3	-2.2926
1557ec60-bb88-4941-8c61-a00bc1bec7c6	7	140831761	142475328	1168	0.2933
1557ec60-bb88-4941-8c61-a00bc1bec7c6	7	142475569	142785320	138	0.5223
1557ec60-bb88-4941-8c61-a00bc1bec7c6	7	142785841	144176859	755	0.2935
1557ec60-bb88-4941-8c61-a00bc1bec7c6	7	144199159	144352208	16	-0.6375
1557ec60-bb88-4941-8c61-a00bc1bec7c6	7	144377836	154598185	6395	0.2869
1557ec60-bb88-4941-8c61-a00bc1bec7c6	7	154601461	154607903	4	-2.235
1557ec60-bb88-4941-8c61-a00bc1bec7c6	7	154609120	158681569	2801	0.3112
1557ec60-bb88-4941-8c61-a00bc1bec7c6	7	158681633	159016540	218	0.1947
1557ec60-bb88-4941-8c61-a00bc1bec7c6	7	159016711	159334314	210	0.2869
1557ec60-bb88-4941-8c61-a00bc1bec7c6	8	81254	643041	322	0.3309
1557ec60-bb88-4941-8c61-a00bc1bec7c6	8	644944	645908	10	-0.5216
1557ec60-bb88-4941-8c61-a00bc1bec7c6	8	656117	7397588	7398	0.3174
1557ec60-bb88-4941-8c61-a00bc1bec7c6	8	7414835	7888457	21	0.8234
1557ec60-bb88-4941-8c61-a00bc1bec7c6	8	7888846	7890177	3	-1.3687
1557ec60-bb88-4941-8c61-a00bc1bec7c6	8	7919608	12385031	3262	0.3398
1557ec60-bb88-4941-8c61-a00bc1bec7c6	8	12387683	12389977	7	1.0007
1557ec60-bb88-4941-8c61-a00bc1bec7c6	8	12418301	14718551	2039	0.3114
1557ec60-bb88-4941-8c61-a00bc1bec7c6	8	14720091	14720102	2	-1.2215
1557ec60-bb88-4941-8c61-a00bc1bec7c6	8	14720144	25114672	8349	0.3238
1557ec60-bb88-4941-8c61-a00bc1bec7c6	8	25116928	25126818	27	-2.483
1557ec60-bb88-4941-8c61-a00bc1bec7c6	8	25133589	30259070	3656	0.3127
1557ec60-bb88-4941-8c61-a00bc1bec7c6	8	30260384	30260755	2	1.5064
1557ec60-bb88-4941-8c61-a00bc1bec7c6	8	30262053	32826447	1759	0.3123
1557ec60-bb88-4941-8c61-a00bc1bec7c6	8	32826507	32830895	6	-0.4066
1557ec60-bb88-4941-8c61-a00bc1bec7c6	8	32834588	38797549	3293	0.3063
1557ec60-bb88-4941-8c61-a00bc1bec7c6	8	38800177	39372806	269	0.5738
1557ec60-bb88-4941-8c61-a00bc1bec7c6	8	39373140	39529446	60	1.2806
1557ec60-bb88-4941-8c61-a00bc1bec7c6	8	39530780	40396041	674	0.6196
1557ec60-bb88-4941-8c61-a00bc1bec7c6	8	40396346	40914477	400	0.3136
1557ec60-bb88-4941-8c61-a00bc1bec7c6	8	40920333	40920952	2	-1.8581
1557ec60-bb88-4941-8c61-a00bc1bec7c6	8	40926161	126478104	50722	0.2982
1557ec60-bb88-4941-8c61-a00bc1bec7c6	8	126479247	127241575	584	0.8118
1557ec60-bb88-4941-8c61-a00bc1bec7c6	8	127243616	127243866	2	0.3172
1557ec60-bb88-4941-8c61-a00bc1bec7c6	8	127246673	141564862	10871	-0.5901
1557ec60-bb88-4941-8c61-a00bc1bec7c6	8	141565045	141566354	3	-4.3776
1557ec60-bb88-4941-8c61-a00bc1bec7c6	8	141566973	143642893	935	-0.5937
1557ec60-bb88-4941-8c61-a00bc1bec7c6	8	143643300	143643786	2	-2.6577
1557ec60-bb88-4941-8c61-a00bc1bec7c6	8	143645483	145072769	498	-0.5703
1557ec60-bb88-4941-8c61-a00bc1bec7c6	9	46587	32465448	27033	-0.1244
1557ec60-bb88-4941-8c61-a00bc1bec7c6	9	32466554	41644133	4119	0.2549
1557ec60-bb88-4941-8c61-a00bc1bec7c6	9	41644288	42711956	57	0.6475
1557ec60-bb88-4941-8c61-a00bc1bec7c6	9	42715233	61550646	59	0.284
1557ec60-bb88-4941-8c61-a00bc1bec7c6	9	61550809	61668104	20	-0.2676
1557ec60-bb88-4941-8c61-a00bc1bec7c6	9	61680289	63580418	36	0.2697
1557ec60-bb88-4941-8c61-a00bc1bec7c6	9	63590317	63592813	7	1.7619
1557ec60-bb88-4941-8c61-a00bc1bec7c6	9	63614182	67103069	105	0.2002
1557ec60-bb88-4941-8c61-a00bc1bec7c6	9	67104572	70194046	1522	0.4816
1557ec60-bb88-4941-8c61-a00bc1bec7c6	9	70196070	70197838	2	-0.8511
1557ec60-bb88-4941-8c61-a00bc1bec7c6	9	70198765	77155713	4992	0.4657
1557ec60-bb88-4941-8c61-a00bc1bec7c6	9	77155866	77162488	26	1.1934
1557ec60-bb88-4941-8c61-a00bc1bec7c6	9	77171212	138020138	41156	0.4729
1557ec60-bb88-4941-8c61-a00bc1bec7c6	9	138024491	138200944	134	0.3648
1557ec60-bb88-4941-8c61-a00bc1bec7c6	10	45792	124377391	83407	-0.588
1557ec60-bb88-4941-8c61-a00bc1bec7c6	10	124381580	124385280	6	-5.6499
1557ec60-bb88-4941-8c61-a00bc1bec7c6	10	124386157	133654968	6568	-0.6429
1557ec60-bb88-4941-8c61-a00bc1bec7c6	11	198510	253662	37	0.2477
1557ec60-bb88-4941-8c61-a00bc1bec7c6	11	253841	254010	2	-1.2579
1557ec60-bb88-4941-8c61-a00bc1bec7c6	11	254064	4274526	1708	0.2714
1557ec60-bb88-4941-8c61-a00bc1bec7c6	11	4280126	4337579	15	1.3801
1557ec60-bb88-4941-8c61-a00bc1bec7c6	11	4337826	5766862	1460	0.2606
1557ec60-bb88-4941-8c61-a00bc1bec7c6	11	5768371	5787909	30	-0.3487
1557ec60-bb88-4941-8c61-a00bc1bec7c6	11	5788108	49686823	30390	0.2717
1557ec60-bb88-4941-8c61-a00bc1bec7c6	11	49689309	49736119	16	-0.7006
1557ec60-bb88-4941-8c61-a00bc1bec7c6	11	49736215	55592042	727	0.2589
1557ec60-bb88-4941-8c61-a00bc1bec7c6	11	55592077	55693312	68	-0.0854
1557ec60-bb88-4941-8c61-a00bc1bec7c6	11	55695531	67249435	6031	0.2693
1557ec60-bb88-4941-8c61-a00bc1bec7c6	11	67251953	92048137	15070	-0.6009
1557ec60-bb88-4941-8c61-a00bc1bec7c6	11	92048646	92050584	5	-3.4443
1557ec60-bb88-4941-8c61-a00bc1bec7c6	11	92051825	120030713	19572	-0.5947
1557ec60-bb88-4941-8c61-a00bc1bec7c6	11	120035199	120035504	2	-5.4096
1557ec60-bb88-4941-8c61-a00bc1bec7c6	11	120035604	135074876	11244	-0.6166
1557ec60-bb88-4941-8c61-a00bc1bec7c6	12	51460	92076	16	-0.0216
1557ec60-bb88-4941-8c61-a00bc1bec7c6	12	94437	9477960	6140	0.2805
1557ec60-bb88-4941-8c61-a00bc1bec7c6	12	9481274	9575696	24	1.3702
1557ec60-bb88-4941-8c61-a00bc1bec7c6	12	9582373	33686613	16937	0.2777
1557ec60-bb88-4941-8c61-a00bc1bec7c6	12	33686654	37678421	473	0.1885
1557ec60-bb88-4941-8c61-a00bc1bec7c6	12	37678471	39207321	714	0.2995
1557ec60-bb88-4941-8c61-a00bc1bec7c6	12	39209305	47847065	5401	-0.1075
1557ec60-bb88-4941-8c61-a00bc1bec7c6	12	47848939	133201603	54826	-0.167
1557ec60-bb88-4941-8c61-a00bc1bec7c6	13	18452809	21250846	1509	-0.5659
1557ec60-bb88-4941-8c61-a00bc1bec7c6	13	21251915	21255031	3	-2.2348
1557ec60-bb88-4941-8c61-a00bc1bec7c6	13	21258189	24381918	2405	-0.596
1557ec60-bb88-4941-8c61-a00bc1bec7c6	13	24383262	24384447	2	-3.0986
1557ec60-bb88-4941-8c61-a00bc1bec7c6	13	24385862	29454265	3706	-0.6075
1557ec60-bb88-4941-8c61-a00bc1bec7c6	13	29454993	29464425	8	-2.3988
1557ec60-bb88-4941-8c61-a00bc1bec7c6	13	29464626	57896832	18579	-0.5848
1557ec60-bb88-4941-8c61-a00bc1bec7c6	13	57897312	57900253	3	-3.3247
1557ec60-bb88-4941-8c61-a00bc1bec7c6	13	57900558	68674167	6494	-0.5699
1557ec60-bb88-4941-8c61-a00bc1bec7c6	13	68674201	68675349	6	-2.2517
1557ec60-bb88-4941-8c61-a00bc1bec7c6	13	68676647	68684883	10	-0.7424
1557ec60-bb88-4941-8c61-a00bc1bec7c6	13	68685082	68694110	21	-2.3786
1557ec60-bb88-4941-8c61-a00bc1bec7c6	13	68694987	88667031	12922	-0.5822
1557ec60-bb88-4941-8c61-a00bc1bec7c6	13	88667500	88667878	2	-3.4777
1557ec60-bb88-4941-8c61-a00bc1bec7c6	13	88670201	99556379	7135	-0.5875
1557ec60-bb88-4941-8c61-a00bc1bec7c6	13	99556451	99566055	3	-3.2849
1557ec60-bb88-4941-8c61-a00bc1bec7c6	13	99566071	114342922	10866	-0.6097
1557ec60-bb88-4941-8c61-a00bc1bec7c6	14	18239283	19289821	45	-0.1915
1557ec60-bb88-4941-8c61-a00bc1bec7c6	14	19294457	19742838	27	0.1989
1557ec60-bb88-4941-8c61-a00bc1bec7c6	14	19744176	19954424	94	0.4656
1557ec60-bb88-4941-8c61-a00bc1bec7c6	14	19955213	21925548	1346	0.2646
1557ec60-bb88-4941-8c61-a00bc1bec7c6	14	21925817	22509094	507	0.481
1557ec60-bb88-4941-8c61-a00bc1bec7c6	14	22509114	40139724	10975	0.2901
1557ec60-bb88-4941-8c61-a00bc1bec7c6	14	40144718	40147715	2	-2.0058
1557ec60-bb88-4941-8c61-a00bc1bec7c6	14	40148961	69551330	18522	0.2828
1557ec60-bb88-4941-8c61-a00bc1bec7c6	14	69551651	69556009	10	-0.5343
1557ec60-bb88-4941-8c61-a00bc1bec7c6	14	69556227	106294689	23434	0.2915
1557ec60-bb88-4941-8c61-a00bc1bec7c6	14	106297265	106297273	3	-1.0803
1557ec60-bb88-4941-8c61-a00bc1bec7c6	14	106297409	106877229	295	0.3132
1557ec60-bb88-4941-8c61-a00bc1bec7c6	15	19811075	20187568	55	0.3025
1557ec60-bb88-4941-8c61-a00bc1bec7c6	15	20190276	20336727	20	0.6704
1557ec60-bb88-4941-8c61-a00bc1bec7c6	15	20345433	20418953	53	0.992
1557ec60-bb88-4941-8c61-a00bc1bec7c6	15	20421755	20670989	23	0.66
1557ec60-bb88-4941-8c61-a00bc1bec7c6	15	20981071	21096887	16	-0.3456
1557ec60-bb88-4941-8c61-a00bc1bec7c6	15	21262847	22385639	40	1.0781
1557ec60-bb88-4941-8c61-a00bc1bec7c6	15	22395047	75570428	33116	0.2824
1557ec60-bb88-4941-8c61-a00bc1bec7c6	15	75571695	76474998	444	0.795
1557ec60-bb88-4941-8c61-a00bc1bec7c6	15	76483627	76527374	32	0.2043
1557ec60-bb88-4941-8c61-a00bc1bec7c6	15	76533300	76586021	22	0.7542
1557ec60-bb88-4941-8c61-a00bc1bec7c6	15	76598900	76603434	22	0.2454
1557ec60-bb88-4941-8c61-a00bc1bec7c6	15	76609838	81564454	3173	0.7964
1557ec60-bb88-4941-8c61-a00bc1bec7c6	15	81568668	81586579	15	0.2618
1557ec60-bb88-4941-8c61-a00bc1bec7c6	15	81587531	90875067	5842	0.8058
1557ec60-bb88-4941-8c61-a00bc1bec7c6	15	90875361	90926982	24	0.2984
1557ec60-bb88-4941-8c61-a00bc1bec7c6	15	90936741	92803427	1674	0.7986
1557ec60-bb88-4941-8c61-a00bc1bec7c6	15	92812173	93767541	800	0.2754
1557ec60-bb88-4941-8c61-a00bc1bec7c6	15	93767942	97288957	2633	0.8214
1557ec60-bb88-4941-8c61-a00bc1bec7c6	15	97290419	97290422	3	-0.3743
1557ec60-bb88-4941-8c61-a00bc1bec7c6	15	97301760	101928837	3409	0.8296
1557ec60-bb88-4941-8c61-a00bc1bec7c6	16	10777	1222472	415	-0.6239
1557ec60-bb88-4941-8c61-a00bc1bec7c6	16	1223291	16269368	11311	0.3109
1557ec60-bb88-4941-8c61-a00bc1bec7c6	16	16419234	16645581	33	-0.7226
1557ec60-bb88-4941-8c61-a00bc1bec7c6	16	16653072	18545889	990	0.3116
1557ec60-bb88-4941-8c61-a00bc1bec7c6	16	18583078	18713525	13	-0.512
1557ec60-bb88-4941-8c61-a00bc1bec7c6	16	18714714	19933041	675	0.2895
1557ec60-bb88-4941-8c61-a00bc1bec7c6	16	19934328	19954553	28	-0.6384
1557ec60-bb88-4941-8c61-a00bc1bec7c6	16	19956040	34209701	6561	0.2886
1557ec60-bb88-4941-8c61-a00bc1bec7c6	16	35080991	48142126	1131	-0.5767
1557ec60-bb88-4941-8c61-a00bc1bec7c6	16	48142585	48146199	5	-2.8145
1557ec60-bb88-4941-8c61-a00bc1bec7c6	16	48147559	78337711	19904	-0.5916
1557ec60-bb88-4941-8c61-a00bc1bec7c6	16	78338543	78350841	16	-2.6157
1557ec60-bb88-4941-8c61-a00bc1bec7c6	16	78350868	80968666	3049	-0.6013
1557ec60-bb88-4941-8c61-a00bc1bec7c6	16	80970410	80971505	3	-2.9392
1557ec60-bb88-4941-8c61-a00bc1bec7c6	16	80972861	90096867	7456	-0.624
1557ec60-bb88-4941-8c61-a00bc1bec7c6	17	150733	279755	81	-0.5515
1557ec60-bb88-4941-8c61-a00bc1bec7c6	17	283203	290146	6	-3.4642
1557ec60-bb88-4941-8c61-a00bc1bec7c6	17	291244	11685043	6859	-0.5956
1557ec60-bb88-4941-8c61-a00bc1bec7c6	17	11686819	15338864	2839	1.1933
1557ec60-bb88-4941-8c61-a00bc1bec7c6	17	15339298	16798212	626	0.797
1557ec60-bb88-4941-8c61-a00bc1bec7c6	17	16806233	16838214	8	-0.1695
1557ec60-bb88-4941-8c61-a00bc1bec7c6	17	16838470	18413879	905	0.8601
1557ec60-bb88-4941-8c61-a00bc1bec7c6	17	18414080	18509244	18	1.5781
1557ec60-bb88-4941-8c61-a00bc1bec7c6	17	18523147	22736323	1488	0.801
1557ec60-bb88-4941-8c61-a00bc1bec7c6	17	26943491	38790788	6602	0.2759
1557ec60-bb88-4941-8c61-a00bc1bec7c6	17	38791091	41265456	1293	-0.083
1557ec60-bb88-4941-8c61-a00bc1bec7c6	17	41266762	41274279	24	0.4681
1557ec60-bb88-4941-8c61-a00bc1bec7c6	17	41276472	44611102	1739	-0.0891
1557ec60-bb88-4941-8c61-a00bc1bec7c6	17	44615145	44616498	3	-1.4462
1557ec60-bb88-4941-8c61-a00bc1bec7c6	17	44616999	46286804	871	-0.0781
1557ec60-bb88-4941-8c61-a00bc1bec7c6	17	46323701	46446360	4	-1.3843
1557ec60-bb88-4941-8c61-a00bc1bec7c6	17	46569894	52446735	3250	-0.1109
1557ec60-bb88-4941-8c61-a00bc1bec7c6	17	52447461	83091923	18238	-0.1393
1557ec60-bb88-4941-8c61-a00bc1bec7c6	18	48133	7147080	5135	0.2882
1557ec60-bb88-4941-8c61-a00bc1bec7c6	18	7150110	7850079	503	-0.5882
1557ec60-bb88-4941-8c61-a00bc1bec7c6	18	7855870	14144901	4389	0.3129
1557ec60-bb88-4941-8c61-a00bc1bec7c6	18	14149484	15402409	352	0.2026
1557ec60-bb88-4941-8c61-a00bc1bec7c6	18	20949392	21114061	65	1.258
1557ec60-bb88-4941-8c61-a00bc1bec7c6	18	21117668	40680516	12242	-0.5923
1557ec60-bb88-4941-8c61-a00bc1bec7c6	18	40680526	40685425	14	-2.0216
1557ec60-bb88-4941-8c61-a00bc1bec7c6	18	40689534	46655194	3900	-0.5929
1557ec60-bb88-4941-8c61-a00bc1bec7c6	18	46659084	46659141	2	-6.3266
1557ec60-bb88-4941-8c61-a00bc1bec7c6	18	46660407	80257174	23829	-0.6063
1557ec60-bb88-4941-8c61-a00bc1bec7c6	19	90910	255830	5	0.188
1557ec60-bb88-4941-8c61-a00bc1bec7c6	19	257392	1809939	392	-0.5206
1557ec60-bb88-4941-8c61-a00bc1bec7c6	19	1817867	2124622	68	-0.0965
1557ec60-bb88-4941-8c61-a00bc1bec7c6	19	2125087	5618643	1179	0.337
1557ec60-bb88-4941-8c61-a00bc1bec7c6	19	5619315	9163124	1730	0.616
1557ec60-bb88-4941-8c61-a00bc1bec7c6	19	9163996	9166800	4	-0.6598
1557ec60-bb88-4941-8c61-a00bc1bec7c6	19	9167445	12581187	1652	0.634
1557ec60-bb88-4941-8c61-a00bc1bec7c6	19	12586552	12587288	2	-1.4106
1557ec60-bb88-4941-8c61-a00bc1bec7c6	19	12589709	12857822	98	0.6939
1557ec60-bb88-4941-8c61-a00bc1bec7c6	19	12858645	15182944	1146	0.8028
1557ec60-bb88-4941-8c61-a00bc1bec7c6	19	15182988	15183190	8	0.1622
1557ec60-bb88-4941-8c61-a00bc1bec7c6	19	15185496	18671580	1751	0.8102
1557ec60-bb88-4941-8c61-a00bc1bec7c6	19	18674702	43198881	12514	0.289
1557ec60-bb88-4941-8c61-a00bc1bec7c6	19	43199352	43252085	21	-0.423
1557ec60-bb88-4941-8c61-a00bc1bec7c6	19	43262507	43301176	21	0.3946
1557ec60-bb88-4941-8c61-a00bc1bec7c6	19	43304322	43313722	7	-0.3287
1557ec60-bb88-4941-8c61-a00bc1bec7c6	19	43313843	44933074	1024	0.274
1557ec60-bb88-4941-8c61-a00bc1bec7c6	19	44943372	58586487	7395	-0.6034
1557ec60-bb88-4941-8c61-a00bc1bec7c6	20	80664	1580353	1201	0.2376
1557ec60-bb88-4941-8c61-a00bc1bec7c6	20	1580934	1601561	36	-0.6507
1557ec60-bb88-4941-8c61-a00bc1bec7c6	20	1609611	1613247	5	-1.8646
1557ec60-bb88-4941-8c61-a00bc1bec7c6	20	1617300	30185676	18711	0.2677
1557ec60-bb88-4941-8c61-a00bc1bec7c6	20	30193847	30271154	15	-0.5528
1557ec60-bb88-4941-8c61-a00bc1bec7c6	20	30293217	33113527	981	0.2629
1557ec60-bb88-4941-8c61-a00bc1bec7c6	20	33114142	33153076	29	0.2068
1557ec60-bb88-4941-8c61-a00bc1bec7c6	20	33154359	33154787	4	-0.4919
1557ec60-bb88-4941-8c61-a00bc1bec7c6	20	33155516	34836166	758	0.1984
1557ec60-bb88-4941-8c61-a00bc1bec7c6	20	34838009	34844720	3	-0.737
1557ec60-bb88-4941-8c61-a00bc1bec7c6	20	34846759	37103095	1135	0.1899
1557ec60-bb88-4941-8c61-a00bc1bec7c6	20	37112086	37253578	79	-0.7604
1557ec60-bb88-4941-8c61-a00bc1bec7c6	20	37254176	58990083	15828	0.2214
1557ec60-bb88-4941-8c61-a00bc1bec7c6	20	58991582	63588484	3159	0.2652
1557ec60-bb88-4941-8c61-a00bc1bec7c6	20	63588502	64324800	312	0.1623
1557ec60-bb88-4941-8c61-a00bc1bec7c6	21	10354168	22278814	6273	0.2601
1557ec60-bb88-4941-8c61-a00bc1bec7c6	21	22283580	22292338	9	-0.5129
1557ec60-bb88-4941-8c61-a00bc1bec7c6	21	22294679	24558224	1796	0.2201
1557ec60-bb88-4941-8c61-a00bc1bec7c6	21	24560641	46222409	15411	0.2678
1557ec60-bb88-4941-8c61-a00bc1bec7c6	21	46223317	46677045	302	0.1921
1557ec60-bb88-4941-8c61-a00bc1bec7c6	22	15294547	16412132	43	-0.1282
1557ec60-bb88-4941-8c61-a00bc1bec7c6	22	16413364	19116673	1209	-0.6007
1557ec60-bb88-4941-8c61-a00bc1bec7c6	22	19118607	19120083	3	-2.5125
1557ec60-bb88-4941-8c61-a00bc1bec7c6	22	19123252	23981995	3108	-0.5719
1557ec60-bb88-4941-8c61-a00bc1bec7c6	22	23988078	23989773	2	-2.9833
1557ec60-bb88-4941-8c61-a00bc1bec7c6	22	23990431	38894915	10719	-0.5991
1557ec60-bb88-4941-8c61-a00bc1bec7c6	22	38899250	38904043	5	-2.3729
1557ec60-bb88-4941-8c61-a00bc1bec7c6	22	38904200	38967614	37	-0.6288
1557ec60-bb88-4941-8c61-a00bc1bec7c6	22	38967679	38979302	23	-2.028
1557ec60-bb88-4941-8c61-a00bc1bec7c6	22	38993700	50796027	7941	-0.6156
1557ec60-bb88-4941-8c61-a00bc1bec7c6	X	251810	1126722	82	-0.4112
1557ec60-bb88-4941-8c61-a00bc1bec7c6	X	1759553	11202187	6236	-0.1137
1557ec60-bb88-4941-8c61-a00bc1bec7c6	X	11206736	30081423	11972	0.5638
1557ec60-bb88-4941-8c61-a00bc1bec7c6	X	30081715	31245939	796	0.3466
1557ec60-bb88-4941-8c61-a00bc1bec7c6	X	31248802	32965828	1306	0.5777
1557ec60-bb88-4941-8c61-a00bc1bec7c6	X	32969337	32969498	2	-2.2153
1557ec60-bb88-4941-8c61-a00bc1bec7c6	X	32970141	58515724	12890	0.5559
1557ec60-bb88-4941-8c61-a00bc1bec7c6	X	58516540	63267732	162	0.0557
1557ec60-bb88-4941-8c61-a00bc1bec7c6	X	63270713	66618827	1453	-0.3492
1557ec60-bb88-4941-8c61-a00bc1bec7c6	X	66620099	67549592	417	0.0272
1557ec60-bb88-4941-8c61-a00bc1bec7c6	X	67553109	68064825	249	-0.3382
1557ec60-bb88-4941-8c61-a00bc1bec7c6	X	68066129	71973511	1814	0.01
1557ec60-bb88-4941-8c61-a00bc1bec7c6	X	71980520	72049784	37	0.3002
1557ec60-bb88-4941-8c61-a00bc1bec7c6	X	72050303	74581211	1020	0.018
1557ec60-bb88-4941-8c61-a00bc1bec7c6	X	74586443	91695285	8623	-0.3758
1557ec60-bb88-4941-8c61-a00bc1bec7c6	X	91703854	95863225	2133	-0.0046
1557ec60-bb88-4941-8c61-a00bc1bec7c6	X	95868969	96020907	120	0.2914
1557ec60-bb88-4941-8c61-a00bc1bec7c6	X	96022069	96287707	147	0.0075
1557ec60-bb88-4941-8c61-a00bc1bec7c6	X	96288186	134025939	20763	-0.3934
1557ec60-bb88-4941-8c61-a00bc1bec7c6	X	134031393	135060746	502	-0.0226
1557ec60-bb88-4941-8c61-a00bc1bec7c6	X	135061540	135741963	362	0.0636
1557ec60-bb88-4941-8c61-a00bc1bec7c6	X	135745355	136134342	168	0.3164
1557ec60-bb88-4941-8c61-a00bc1bec7c6	X	136134643	141739876	3310	-0.0181
1557ec60-bb88-4941-8c61-a00bc1bec7c6	X	141740254	141826446	59	0.299
1557ec60-bb88-4941-8c61-a00bc1bec7c6	X	141826503	144319353	1769	-0.0775
1557ec60-bb88-4941-8c61-a00bc1bec7c6	X	144320823	144514862	83	0.2524
1557ec60-bb88-4941-8c61-a00bc1bec7c6	X	144516429	145244831	519	-0.0045
1557ec60-bb88-4941-8c61-a00bc1bec7c6	X	145251163	145400074	98	-0.854
1557ec60-bb88-4941-8c61-a00bc1bec7c6	X	145404849	146591436	883	0.0039
1557ec60-bb88-4941-8c61-a00bc1bec7c6	X	146592505	149806805	2122	-0.3984
1557ec60-bb88-4941-8c61-a00bc1bec7c6	X	149806880	149807236	2	-1.8548
1557ec60-bb88-4941-8c61-a00bc1bec7c6	X	149807293	153840040	2426	-0.3838
1557ec60-bb88-4941-8c61-a00bc1bec7c6	X	153844712	155952689	743	0.0273
1557ec60-bb88-4941-8c61-a00bc1bec7c6	Y	2782397	6233384	783	-2.7343
1557ec60-bb88-4941-8c61-a00bc1bec7c6	Y	6249869	8505342	1092	-3.1772
1557ec60-bb88-4941-8c61-a00bc1bec7c6	Y	8507534	9921955	446	-3.5068
1557ec60-bb88-4941-8c61-a00bc1bec7c6	Y	9937005	13478396	943	-3.0541
1557ec60-bb88-4941-8c61-a00bc1bec7c6	Y	13478462	13482643	3	-7.7452
1557ec60-bb88-4941-8c61-a00bc1bec7c6	Y	13483009	25169825	3190	-3.1488
1557ec60-bb88-4941-8c61-a00bc1bec7c6	Y	25472063	56872112	178	-2.7991
