GDC_Aliquot	Chromosome	Start	End	Num_Probes	Segment_Mean
db9a3940-19be-4c9e-bc2f-1daf319b024d	1	62920	86341	11	-0.5709
db9a3940-19be-4c9e-bc2f-1daf319b024d	1	98588	3744856	947	-0.2152
db9a3940-19be-4c9e-bc2f-1daf319b024d	1	3749303	3779972	19	-0.8641
db9a3940-19be-4c9e-bc2f-1daf319b024d	1	3780042	15823420	7354	-0.2418
db9a3940-19be-4c9e-bc2f-1daf319b024d	1	15827002	15827430	6	-1.7569
db9a3940-19be-4c9e-bc2f-1daf319b024d	1	15827706	16868660	361	-0.2299
db9a3940-19be-4c9e-bc2f-1daf319b024d	1	16877002	16949746	53	0.1175
db9a3940-19be-4c9e-bc2f-1daf319b024d	1	16951445	56396482	22688	-0.2384
db9a3940-19be-4c9e-bc2f-1daf319b024d	1	56396966	64377044	5949	0.1639
db9a3940-19be-4c9e-bc2f-1daf319b024d	1	64380467	64382485	2	-1.1002
db9a3940-19be-4c9e-bc2f-1daf319b024d	1	64385862	72318471	5374	0.1832
db9a3940-19be-4c9e-bc2f-1daf319b024d	1	72318487	72351338	35	0.5785
db9a3940-19be-4c9e-bc2f-1daf319b024d	1	72352916	88505114	10607	0.196
db9a3940-19be-4c9e-bc2f-1daf319b024d	1	88505737	101824797	8355	0.1697
db9a3940-19be-4c9e-bc2f-1daf319b024d	1	101826081	102485947	502	0.212
db9a3940-19be-4c9e-bc2f-1daf319b024d	1	102487529	102492584	2	-1.2738
db9a3940-19be-4c9e-bc2f-1daf319b024d	1	102492903	109684893	4108	0.1971
db9a3940-19be-4c9e-bc2f-1daf319b024d	1	109690352	109697556	13	1.4481
db9a3940-19be-4c9e-bc2f-1daf319b024d	1	109702376	121593055	7125	0.1576
db9a3940-19be-4c9e-bc2f-1daf319b024d	1	121593930	121705338	5	-0.217
db9a3940-19be-4c9e-bc2f-1daf319b024d	1	143459641	143893019	123	1.2327
db9a3940-19be-4c9e-bc2f-1daf319b024d	1	143921397	143927887	3	0.8274
db9a3940-19be-4c9e-bc2f-1daf319b024d	1	143928045	144932423	18	-0.1176
db9a3940-19be-4c9e-bc2f-1daf319b024d	1	145642976	150705243	1261	0.6185
db9a3940-19be-4c9e-bc2f-1daf319b024d	1	150705581	152583291	1033	0.5707
db9a3940-19be-4c9e-bc2f-1daf319b024d	1	152583319	152618018	34	0.9619
db9a3940-19be-4c9e-bc2f-1daf319b024d	1	152618089	152787202	165	0.612
db9a3940-19be-4c9e-bc2f-1daf319b024d	1	152789447	152796094	36	0.2402
db9a3940-19be-4c9e-bc2f-1daf319b024d	1	152796224	161647641	5257	0.5797
db9a3940-19be-4c9e-bc2f-1daf319b024d	1	161647657	161649268	8	-0.3082
db9a3940-19be-4c9e-bc2f-1daf319b024d	1	161678447	161967392	219	0.5684
db9a3940-19be-4c9e-bc2f-1daf319b024d	1	161967834	169247699	5783	0.6115
db9a3940-19be-4c9e-bc2f-1daf319b024d	1	169264736	169272528	6	1.3973
db9a3940-19be-4c9e-bc2f-1daf319b024d	1	169273163	186749185	11493	0.6163
db9a3940-19be-4c9e-bc2f-1daf319b024d	1	186749246	194479104	5213	0.6614
db9a3940-19be-4c9e-bc2f-1daf319b024d	1	194482281	194485888	2	-1.4841
db9a3940-19be-4c9e-bc2f-1daf319b024d	1	194487886	196745743	1448	0.676
db9a3940-19be-4c9e-bc2f-1daf319b024d	1	196758720	196762956	4	-1.695
db9a3940-19be-4c9e-bc2f-1daf319b024d	1	196769493	196788990	31	0.7956
db9a3940-19be-4c9e-bc2f-1daf319b024d	1	196789019	196802150	8	-0.1293
db9a3940-19be-4c9e-bc2f-1daf319b024d	1	196820098	199907607	1899	0.6461
db9a3940-19be-4c9e-bc2f-1daf319b024d	1	199909386	208035213	5305	0.5877
db9a3940-19be-4c9e-bc2f-1daf319b024d	1	208036040	218348939	7506	0.6248
db9a3940-19be-4c9e-bc2f-1daf319b024d	1	218350962	222193326	2685	0.3943
db9a3940-19be-4c9e-bc2f-1daf319b024d	1	222201492	222203662	2	-3.1639
db9a3940-19be-4c9e-bc2f-1daf319b024d	1	222208792	236995874	9924	0.3653
db9a3940-19be-4c9e-bc2f-1daf319b024d	1	236998014	239374790	1921	0.4173
db9a3940-19be-4c9e-bc2f-1daf319b024d	1	239375708	248930189	6562	0.37
db9a3940-19be-4c9e-bc2f-1daf319b024d	2	12784	5282240	3906	-0.2916
db9a3940-19be-4c9e-bc2f-1daf319b024d	2	5284046	5688982	353	-0.8497
db9a3940-19be-4c9e-bc2f-1daf319b024d	2	5689247	7989207	2037	-0.2859
db9a3940-19be-4c9e-bc2f-1daf319b024d	2	7990754	7996487	8	-2.3471
db9a3940-19be-4c9e-bc2f-1daf319b024d	2	7999793	24384085	11611	-0.2759
db9a3940-19be-4c9e-bc2f-1daf319b024d	2	24384113	24388259	14	-1.6149
db9a3940-19be-4c9e-bc2f-1daf319b024d	2	24388858	34466002	6134	-0.2815
db9a3940-19be-4c9e-bc2f-1daf319b024d	2	34474248	34511990	46	0.3695
db9a3940-19be-4c9e-bc2f-1daf319b024d	2	34512096	35750907	871	-0.2472
db9a3940-19be-4c9e-bc2f-1daf319b024d	2	35752724	35762881	7	-1.3601
db9a3940-19be-4c9e-bc2f-1daf319b024d	2	35772407	40690861	3653	-0.2656
db9a3940-19be-4c9e-bc2f-1daf319b024d	2	40694942	40694958	2	-1.8996
db9a3940-19be-4c9e-bc2f-1daf319b024d	2	40695158	46497778	4397	-0.2765
db9a3940-19be-4c9e-bc2f-1daf319b024d	2	46498362	46498377	2	-2.2005
db9a3940-19be-4c9e-bc2f-1daf319b024d	2	46502270	52527330	4046	-0.2569
db9a3940-19be-4c9e-bc2f-1daf319b024d	2	52527342	52554404	39	-1.5095
db9a3940-19be-4c9e-bc2f-1daf319b024d	2	52560811	57163948	3339	-0.2516
db9a3940-19be-4c9e-bc2f-1daf319b024d	2	57167460	57218336	72	0.2465
db9a3940-19be-4c9e-bc2f-1daf319b024d	2	57220263	106266773	25989	-0.26
db9a3940-19be-4c9e-bc2f-1daf319b024d	2	106266875	106268901	7	-1.8436
db9a3940-19be-4c9e-bc2f-1daf319b024d	2	106270799	130031187	14261	-0.2579
db9a3940-19be-4c9e-bc2f-1daf319b024d	2	130031201	130116915	15	0.3893
db9a3940-19be-4c9e-bc2f-1daf319b024d	2	130117303	138752702	4959	-0.2538
db9a3940-19be-4c9e-bc2f-1daf319b024d	2	138752708	138753080	2	-2.5747
db9a3940-19be-4c9e-bc2f-1daf319b024d	2	138754564	146106875	4559	-0.2309
db9a3940-19be-4c9e-bc2f-1daf319b024d	2	146106889	146109230	19	-1.2907
db9a3940-19be-4c9e-bc2f-1daf319b024d	2	146109341	208578403	37617	-0.2438
db9a3940-19be-4c9e-bc2f-1daf319b024d	2	208579414	208584202	6	-2.1734
db9a3940-19be-4c9e-bc2f-1daf319b024d	2	208584803	215721173	4580	-0.221
db9a3940-19be-4c9e-bc2f-1daf319b024d	2	215721764	228145093	8159	-0.2565
db9a3940-19be-4c9e-bc2f-1daf319b024d	2	228147793	229526593	938	-0.2211
db9a3940-19be-4c9e-bc2f-1daf319b024d	2	229528315	242081982	7678	-0.288
db9a3940-19be-4c9e-bc2f-1daf319b024d	2	242082269	242147305	32	-0.1289
db9a3940-19be-4c9e-bc2f-1daf319b024d	3	20930	182919	154	0.0713
db9a3940-19be-4c9e-bc2f-1daf319b024d	3	188339	191117	4	-1.2054
db9a3940-19be-4c9e-bc2f-1daf319b024d	3	193194	195392	6	-0.3664
db9a3940-19be-4c9e-bc2f-1daf319b024d	3	196197	875973	540	0.127
db9a3940-19be-4c9e-bc2f-1daf319b024d	3	878074	878663	2	-1.218
db9a3940-19be-4c9e-bc2f-1daf319b024d	3	880753	6604856	5106	0.1303
db9a3940-19be-4c9e-bc2f-1daf319b024d	3	6609441	6611645	23	-0.7212
db9a3940-19be-4c9e-bc2f-1daf319b024d	3	6613391	7327031	587	0.1432
db9a3940-19be-4c9e-bc2f-1daf319b024d	3	7327655	14868562	5625	0.0863
db9a3940-19be-4c9e-bc2f-1daf319b024d	3	14871821	14872027	3	2.2874
db9a3940-19be-4c9e-bc2f-1daf319b024d	3	14872878	26570158	7944	0.1224
db9a3940-19be-4c9e-bc2f-1daf319b024d	3	26570176	26570394	4	-0.8414
db9a3940-19be-4c9e-bc2f-1daf319b024d	3	26570407	36974069	7018	0.1246
db9a3940-19be-4c9e-bc2f-1daf319b024d	3	36982521	47358421	6422	0.0917
db9a3940-19be-4c9e-bc2f-1daf319b024d	3	47358841	47363961	3	-1.2757
db9a3940-19be-4c9e-bc2f-1daf319b024d	3	47367722	58783821	6179	0.0862
db9a3940-19be-4c9e-bc2f-1daf319b024d	3	58784761	61504475	2481	0.1343
db9a3940-19be-4c9e-bc2f-1daf319b024d	3	61508578	61512353	3	-0.9838
db9a3940-19be-4c9e-bc2f-1daf319b024d	3	61513159	68682877	5643	0.12
db9a3940-19be-4c9e-bc2f-1daf319b024d	3	68697013	68698262	15	0.7341
db9a3940-19be-4c9e-bc2f-1daf319b024d	3	68699607	73696365	3767	0.1051
db9a3940-19be-4c9e-bc2f-1daf319b024d	3	73696648	99218940	12127	0.1464
db9a3940-19be-4c9e-bc2f-1daf319b024d	3	99225614	99230470	37	-0.6035
db9a3940-19be-4c9e-bc2f-1daf319b024d	3	99230577	104415893	2913	0.137
db9a3940-19be-4c9e-bc2f-1daf319b024d	3	104417391	104417718	6	0.8816
db9a3940-19be-4c9e-bc2f-1daf319b024d	3	104417865	121425032	10632	0.1304
db9a3940-19be-4c9e-bc2f-1daf319b024d	3	121425062	124589806	1938	0.0999
db9a3940-19be-4c9e-bc2f-1daf319b024d	3	124589872	124590491	2	-1.0812
db9a3940-19be-4c9e-bc2f-1daf319b024d	3	124590540	132270041	4675	0.0956
db9a3940-19be-4c9e-bc2f-1daf319b024d	3	132270486	132276840	6	0.8569
db9a3940-19be-4c9e-bc2f-1daf319b024d	3	132281633	136300257	2583	0.1153
db9a3940-19be-4c9e-bc2f-1daf319b024d	3	136304109	136306584	2	1.5102
db9a3940-19be-4c9e-bc2f-1daf319b024d	3	136319699	139011941	1331	0.0978
db9a3940-19be-4c9e-bc2f-1daf319b024d	3	139018858	175362822	22606	0.1316
db9a3940-19be-4c9e-bc2f-1daf319b024d	3	175362958	175363437	4	-1.4994
db9a3940-19be-4c9e-bc2f-1daf319b024d	3	175363536	179158368	2301	0.1353
db9a3940-19be-4c9e-bc2f-1daf319b024d	3	179158587	189202836	6354	0.0981
db9a3940-19be-4c9e-bc2f-1daf319b024d	3	189202964	193156958	2842	0.1303
db9a3940-19be-4c9e-bc2f-1daf319b024d	3	193160113	193161217	7	1.4054
db9a3940-19be-4c9e-bc2f-1daf319b024d	3	193162684	195683075	1499	0.1007
db9a3940-19be-4c9e-bc2f-1daf319b024d	3	195685341	195728637	22	-0.6378
db9a3940-19be-4c9e-bc2f-1daf319b024d	3	195728990	195729069	5	0.1278
db9a3940-19be-4c9e-bc2f-1daf319b024d	3	195729085	195747892	13	-0.3956
db9a3940-19be-4c9e-bc2f-1daf319b024d	3	195751823	195934679	80	0.1187
db9a3940-19be-4c9e-bc2f-1daf319b024d	3	195963975	195982791	6	-0.6274
db9a3940-19be-4c9e-bc2f-1daf319b024d	3	195991894	196784021	385	0.0633
db9a3940-19be-4c9e-bc2f-1daf319b024d	3	196784158	197311191	264	0.17
db9a3940-19be-4c9e-bc2f-1daf319b024d	3	197311658	197730947	215	0.0394
db9a3940-19be-4c9e-bc2f-1daf319b024d	3	197746211	198107277	181	-0.175
db9a3940-19be-4c9e-bc2f-1daf319b024d	3	198107475	198169247	32	0.0976
db9a3940-19be-4c9e-bc2f-1daf319b024d	4	68929	10221792	5703	-0.3032
db9a3940-19be-4c9e-bc2f-1daf319b024d	4	10222004	10229874	27	-1.9392
db9a3940-19be-4c9e-bc2f-1daf319b024d	4	10232590	24725878	10578	-0.2722
db9a3940-19be-4c9e-bc2f-1daf319b024d	4	24726007	24726857	3	-2.4445
db9a3940-19be-4c9e-bc2f-1daf319b024d	4	24727152	49654578	15398	-0.2681
db9a3940-19be-4c9e-bc2f-1daf319b024d	4	49656206	54631719	1815	-0.6935
db9a3940-19be-4c9e-bc2f-1daf319b024d	4	54635559	54639766	5	-1.9653
db9a3940-19be-4c9e-bc2f-1daf319b024d	4	54641439	57988781	2367	-0.6798
db9a3940-19be-4c9e-bc2f-1daf319b024d	4	57991353	57991644	2	-2.8869
db9a3940-19be-4c9e-bc2f-1daf319b024d	4	57991918	58234294	150	-0.6862
db9a3940-19be-4c9e-bc2f-1daf319b024d	4	58234910	58235131	3	-2.1131
db9a3940-19be-4c9e-bc2f-1daf319b024d	4	58235503	59194636	537	-0.6551
db9a3940-19be-4c9e-bc2f-1daf319b024d	4	59194944	59195012	2	-3.1502
db9a3940-19be-4c9e-bc2f-1daf319b024d	4	59195043	63841887	2693	-0.6434
db9a3940-19be-4c9e-bc2f-1daf319b024d	4	63842036	63851308	8	-1.6286
db9a3940-19be-4c9e-bc2f-1daf319b024d	4	63852325	64330588	215	-0.6424
db9a3940-19be-4c9e-bc2f-1daf319b024d	4	64334499	64334933	2	-2.253
db9a3940-19be-4c9e-bc2f-1daf319b024d	4	64334988	68084629	2470	-0.6623
db9a3940-19be-4c9e-bc2f-1daf319b024d	4	68085613	68095237	6	-1.6245
db9a3940-19be-4c9e-bc2f-1daf319b024d	4	68095508	68354665	147	-0.6298
db9a3940-19be-4c9e-bc2f-1daf319b024d	4	68361130	68640616	91	0.0358
db9a3940-19be-4c9e-bc2f-1daf319b024d	4	68655691	69283159	326	-0.7311
db9a3940-19be-4c9e-bc2f-1daf319b024d	4	69283439	69361181	33	-1.658
db9a3940-19be-4c9e-bc2f-1daf319b024d	4	69362906	74347559	3011	-0.6629
db9a3940-19be-4c9e-bc2f-1daf319b024d	4	74347642	74350521	3	-2.5428
db9a3940-19be-4c9e-bc2f-1daf319b024d	4	74354069	107145685	19844	-0.6756
db9a3940-19be-4c9e-bc2f-1daf319b024d	4	107147078	107155225	24	-0.1249
db9a3940-19be-4c9e-bc2f-1daf319b024d	4	107155362	114254188	4398	-0.6728
db9a3940-19be-4c9e-bc2f-1daf319b024d	4	114254202	114263110	24	0.1262
db9a3940-19be-4c9e-bc2f-1daf319b024d	4	114263154	136758509	12916	-0.652
db9a3940-19be-4c9e-bc2f-1daf319b024d	4	136761120	137086048	248	-0.1784
db9a3940-19be-4c9e-bc2f-1daf319b024d	4	137088603	137089878	6	-1.0114
db9a3940-19be-4c9e-bc2f-1daf319b024d	4	137092460	137261339	143	-0.2525
db9a3940-19be-4c9e-bc2f-1daf319b024d	4	137261389	137261573	4	-1.5548
db9a3940-19be-4c9e-bc2f-1daf319b024d	4	137261775	139311392	1430	-0.2593
db9a3940-19be-4c9e-bc2f-1daf319b024d	4	139312369	139317206	5	-4.7475
db9a3940-19be-4c9e-bc2f-1daf319b024d	4	139318541	160952694	13157	-0.2589
db9a3940-19be-4c9e-bc2f-1daf319b024d	4	160952754	160963881	32	0.082
db9a3940-19be-4c9e-bc2f-1daf319b024d	4	160963971	166607472	3615	-0.252
db9a3940-19be-4c9e-bc2f-1daf319b024d	4	166610086	166610226	2	-2.309
db9a3940-19be-4c9e-bc2f-1daf319b024d	4	166610420	171448195	3038	-0.254
db9a3940-19be-4c9e-bc2f-1daf319b024d	4	171453733	171456307	9	2.0409
db9a3940-19be-4c9e-bc2f-1daf319b024d	4	171456559	172066777	400	-0.2465
db9a3940-19be-4c9e-bc2f-1daf319b024d	4	172067997	172068382	12	-1.9244
db9a3940-19be-4c9e-bc2f-1daf319b024d	4	172074828	190106768	12059	-0.2765
db9a3940-19be-4c9e-bc2f-1daf319b024d	5	15532	1944064	962	0.7757
db9a3940-19be-4c9e-bc2f-1daf319b024d	5	1944149	11810114	8663	0.8298
db9a3940-19be-4c9e-bc2f-1daf319b024d	5	11810470	12815668	550	0.907
db9a3940-19be-4c9e-bc2f-1daf319b024d	5	12815753	12838421	13	1.5546
db9a3940-19be-4c9e-bc2f-1daf319b024d	5	12849089	15331173	1738	0.8539
db9a3940-19be-4c9e-bc2f-1daf319b024d	5	15331195	15333229	10	0.2053
db9a3940-19be-4c9e-bc2f-1daf319b024d	5	15333744	16346655	645	0.9
db9a3940-19be-4c9e-bc2f-1daf319b024d	5	16351276	17300367	649	0.807
db9a3940-19be-4c9e-bc2f-1daf319b024d	5	17301194	19458679	1321	0.8872
db9a3940-19be-4c9e-bc2f-1daf319b024d	5	19458912	19459518	3	-0.9828
db9a3940-19be-4c9e-bc2f-1daf319b024d	5	19462162	21325041	1077	0.8803
db9a3940-19be-4c9e-bc2f-1daf319b024d	5	21325164	21385957	17	0.3916
db9a3940-19be-4c9e-bc2f-1daf319b024d	5	21391431	26789387	3175	0.8728
db9a3940-19be-4c9e-bc2f-1daf319b024d	5	26797651	26797735	2	-1.8665
db9a3940-19be-4c9e-bc2f-1daf319b024d	5	26803775	30672670	2247	0.8976
db9a3940-19be-4c9e-bc2f-1daf319b024d	5	30672691	43613125	8479	0.8504
db9a3940-19be-4c9e-bc2f-1daf319b024d	5	43623410	46191782	1065	0.9115
db9a3940-19be-4c9e-bc2f-1daf319b024d	5	46195781	46199333	4	-0.7374
db9a3940-19be-4c9e-bc2f-1daf319b024d	5	46209197	46246558	12	0.8104
db9a3940-19be-4c9e-bc2f-1daf319b024d	5	46251204	46273400	9	1.9804
db9a3940-19be-4c9e-bc2f-1daf319b024d	5	46278110	51229318	536	1.0262
db9a3940-19be-4c9e-bc2f-1daf319b024d	5	51230025	52572079	712	1.11
db9a3940-19be-4c9e-bc2f-1daf319b024d	5	52572393	58025819	3825	0.9997
db9a3940-19be-4c9e-bc2f-1daf319b024d	5	58030200	58037706	32	-0.1069
db9a3940-19be-4c9e-bc2f-1daf319b024d	5	58042530	60542108	1786	1.0263
db9a3940-19be-4c9e-bc2f-1daf319b024d	5	60545534	65596688	2897	0.6686
db9a3940-19be-4c9e-bc2f-1daf319b024d	5	65597116	80348869	8476	0.6393
db9a3940-19be-4c9e-bc2f-1daf319b024d	5	80350100	80350567	4	-0.5116
db9a3940-19be-4c9e-bc2f-1daf319b024d	5	80355812	81259508	572	0.6424
db9a3940-19be-4c9e-bc2f-1daf319b024d	5	81263878	120541076	24056	0.677
db9a3940-19be-4c9e-bc2f-1daf319b024d	5	120543600	130813715	6459	0.8811
db9a3940-19be-4c9e-bc2f-1daf319b024d	5	130814111	134331644	2109	0.8113
db9a3940-19be-4c9e-bc2f-1daf319b024d	5	134331922	134363246	7	0.1975
db9a3940-19be-4c9e-bc2f-1daf319b024d	5	134365668	134626606	138	0.8341
db9a3940-19be-4c9e-bc2f-1daf319b024d	5	134628180	138469431	2429	0.6956
db9a3940-19be-4c9e-bc2f-1daf319b024d	5	138472272	138481268	20	-0.4552
db9a3940-19be-4c9e-bc2f-1daf319b024d	5	138482888	144091362	3157	0.6825
db9a3940-19be-4c9e-bc2f-1daf319b024d	5	144091546	148682204	3001	0.7205
db9a3940-19be-4c9e-bc2f-1daf319b024d	5	148682666	150798146	1456	0.6585
db9a3940-19be-4c9e-bc2f-1daf319b024d	5	150798678	150839042	17	1.0279
db9a3940-19be-4c9e-bc2f-1daf319b024d	5	150843825	152134610	960	0.6721
db9a3940-19be-4c9e-bc2f-1daf319b024d	5	152135825	152138790	14	0.0521
db9a3940-19be-4c9e-bc2f-1daf319b024d	5	152140710	161324486	6335	0.6928
db9a3940-19be-4c9e-bc2f-1daf319b024d	5	161325088	163209912	1091	0.7443
db9a3940-19be-4c9e-bc2f-1daf319b024d	5	163211026	163796228	429	0.6483
db9a3940-19be-4c9e-bc2f-1daf319b024d	5	163796369	167969684	2805	0.7369
db9a3940-19be-4c9e-bc2f-1daf319b024d	5	167970004	177839225	6810	0.6723
db9a3940-19be-4c9e-bc2f-1daf319b024d	5	177876764	177879634	2	-1.3995
db9a3940-19be-4c9e-bc2f-1daf319b024d	5	177883336	180951888	1791	0.6694
db9a3940-19be-4c9e-bc2f-1daf319b024d	5	180953203	181006264	19	1.1027
db9a3940-19be-4c9e-bc2f-1daf319b024d	5	181015400	181363319	168	0.6992
db9a3940-19be-4c9e-bc2f-1daf319b024d	6	149661	254283	101	0.043
db9a3940-19be-4c9e-bc2f-1daf319b024d	6	257353	294837	23	-0.6056
db9a3940-19be-4c9e-bc2f-1daf319b024d	6	302306	21959266	16630	0.0846
db9a3940-19be-4c9e-bc2f-1daf319b024d	6	21961679	24247146	1805	0.1319
db9a3940-19be-4c9e-bc2f-1daf319b024d	6	24248392	29869295	3070	0.0902
db9a3940-19be-4c9e-bc2f-1daf319b024d	6	29869410	29907031	24	0.7719
db9a3940-19be-4c9e-bc2f-1daf319b024d	6	29909182	32529429	1179	0.0847
db9a3940-19be-4c9e-bc2f-1daf319b024d	6	32533522	32605994	17	0.6574
db9a3940-19be-4c9e-bc2f-1daf319b024d	6	32606237	44788663	7719	0.078
db9a3940-19be-4c9e-bc2f-1daf319b024d	6	44797798	49899313	3214	0.1328
db9a3940-19be-4c9e-bc2f-1daf319b024d	6	49901735	49901752	2	-0.9835
db9a3940-19be-4c9e-bc2f-1daf319b024d	6	49903910	52011469	1297	0.1402
db9a3940-19be-4c9e-bc2f-1daf319b024d	6	52013511	52684003	455	0.0868
db9a3940-19be-4c9e-bc2f-1daf319b024d	6	52684507	64627049	5271	-0.255
db9a3940-19be-4c9e-bc2f-1daf319b024d	6	64637651	64639099	2	-2.1538
db9a3940-19be-4c9e-bc2f-1daf319b024d	6	64640883	76726815	7924	-0.2383
db9a3940-19be-4c9e-bc2f-1daf319b024d	6	76730151	76743040	21	-0.6711
db9a3940-19be-4c9e-bc2f-1daf319b024d	6	76751356	78253172	974	-0.2344
db9a3940-19be-4c9e-bc2f-1daf319b024d	6	78259348	78325468	111	-2.251
db9a3940-19be-4c9e-bc2f-1daf319b024d	6	78329517	102510120	14986	-0.2499
db9a3940-19be-4c9e-bc2f-1daf319b024d	6	102510257	103286954	474	0.1155
db9a3940-19be-4c9e-bc2f-1daf319b024d	6	103290101	103314186	46	-0.9996
db9a3940-19be-4c9e-bc2f-1daf319b024d	6	103317795	112302972	5589	0.0758
db9a3940-19be-4c9e-bc2f-1daf319b024d	6	112302987	113784070	988	0.1212
db9a3940-19be-4c9e-bc2f-1daf319b024d	6	113786348	113799821	14	-0.3777
db9a3940-19be-4c9e-bc2f-1daf319b024d	6	113802045	129727344	9564	0.1082
db9a3940-19be-4c9e-bc2f-1daf319b024d	6	129727359	139780617	6895	0.0802
db9a3940-19be-4c9e-bc2f-1daf319b024d	6	139780911	142108766	1206	0.132
db9a3940-19be-4c9e-bc2f-1daf319b024d	6	142110664	170741917	19869	0.0787
db9a3940-19be-4c9e-bc2f-1daf319b024d	7	43355	6815692	3418	-0.3072
db9a3940-19be-4c9e-bc2f-1daf319b024d	7	6823062	8202435	1147	-0.2734
db9a3940-19be-4c9e-bc2f-1daf319b024d	7	8202969	8209150	14	-0.8302
db9a3940-19be-4c9e-bc2f-1daf319b024d	7	8211871	16431081	6630	-0.2622
db9a3940-19be-4c9e-bc2f-1daf319b024d	7	16447344	16556132	100	-0.341
db9a3940-19be-4c9e-bc2f-1daf319b024d	7	16557026	16557233	3	-1.9068
db9a3940-19be-4c9e-bc2f-1daf319b024d	7	16557815	38230022	16008	-0.2792
db9a3940-19be-4c9e-bc2f-1daf319b024d	7	38233729	38332110	123	-0.0137
db9a3940-19be-4c9e-bc2f-1daf319b024d	7	38338324	38351764	10	-0.3298
db9a3940-19be-4c9e-bc2f-1daf319b024d	7	38352435	38356875	3	-1.7309
db9a3940-19be-4c9e-bc2f-1daf319b024d	7	38361356	54318812	10967	-0.2773
db9a3940-19be-4c9e-bc2f-1daf319b024d	7	54318816	54318824	5	-2.4719
db9a3940-19be-4c9e-bc2f-1daf319b024d	7	54325795	56693807	1557	-0.2768
db9a3940-19be-4c9e-bc2f-1daf319b024d	7	56694420	56701121	3	-2.2732
db9a3940-19be-4c9e-bc2f-1daf319b024d	7	56704473	61091469	483	-0.261
db9a3940-19be-4c9e-bc2f-1daf319b024d	7	61093309	62721010	90	0.032
db9a3940-19be-4c9e-bc2f-1daf319b024d	7	62722451	66044271	1217	-0.2309
db9a3940-19be-4c9e-bc2f-1daf319b024d	7	66050328	70617217	2531	-0.2999
db9a3940-19be-4c9e-bc2f-1daf319b024d	7	70619708	70955452	244	-0.2513
db9a3940-19be-4c9e-bc2f-1daf319b024d	7	70958264	70961155	2	-1.8984
db9a3940-19be-4c9e-bc2f-1daf319b024d	7	70963257	97980107	15796	-0.2602
db9a3940-19be-4c9e-bc2f-1daf319b024d	7	97982029	97982736	3	-2.0452
db9a3940-19be-4c9e-bc2f-1daf319b024d	7	97984459	108966162	5940	-0.2879
db9a3940-19be-4c9e-bc2f-1daf319b024d	7	108966298	109801187	564	-0.1988
db9a3940-19be-4c9e-bc2f-1daf319b024d	7	109801572	109813853	10	-1.3927
db9a3940-19be-4c9e-bc2f-1daf319b024d	7	109813925	126404920	10013	-0.2524
db9a3940-19be-4c9e-bc2f-1daf319b024d	7	126405428	126406561	12	0.41
db9a3940-19be-4c9e-bc2f-1daf319b024d	7	126406822	126700653	212	-0.249
db9a3940-19be-4c9e-bc2f-1daf319b024d	7	126701341	129097536	1440	-0.2857
db9a3940-19be-4c9e-bc2f-1daf319b024d	7	129098428	129098859	2	-1.6553
db9a3940-19be-4c9e-bc2f-1daf319b024d	7	129101992	133379438	2585	-0.294
db9a3940-19be-4c9e-bc2f-1daf319b024d	7	133379684	133379822	2	-1.7963
db9a3940-19be-4c9e-bc2f-1daf319b024d	7	133380563	134093715	453	-0.2742
db9a3940-19be-4c9e-bc2f-1daf319b024d	7	134093884	134113790	35	0.1562
db9a3940-19be-4c9e-bc2f-1daf319b024d	7	134113805	142063324	5191	-0.282
db9a3940-19be-4c9e-bc2f-1daf319b024d	7	142069843	142099190	34	0.0398
db9a3940-19be-4c9e-bc2f-1daf319b024d	7	142099360	142252035	119	-0.2913
db9a3940-19be-4c9e-bc2f-1daf319b024d	7	142252178	142252290	2	-1.6523
db9a3940-19be-4c9e-bc2f-1daf319b024d	7	142252547	142493216	192	-0.2562
db9a3940-19be-4c9e-bc2f-1daf319b024d	7	142493380	142804157	135	-0.0919
db9a3940-19be-4c9e-bc2f-1daf319b024d	7	142804972	159334314	10405	-0.2926
db9a3940-19be-4c9e-bc2f-1daf319b024d	8	81254	12092042	11011	0.1132
db9a3940-19be-4c9e-bc2f-1daf319b024d	8	12130217	12177488	8	0.7582
db9a3940-19be-4c9e-bc2f-1daf319b024d	8	12323772	12359339	3	-1.4709
db9a3940-19be-4c9e-bc2f-1daf319b024d	8	12374772	12389977	26	-0.0885
db9a3940-19be-4c9e-bc2f-1daf319b024d	8	12418301	14652059	1963	0.1523
db9a3940-19be-4c9e-bc2f-1daf319b024d	8	14652523	14652565	3	-1.9279
db9a3940-19be-4c9e-bc2f-1daf319b024d	8	14652887	25114672	8448	0.1179
db9a3940-19be-4c9e-bc2f-1daf319b024d	8	25116928	25126708	25	0.8843
db9a3940-19be-4c9e-bc2f-1daf319b024d	8	25126735	30915011	4016	0.088
db9a3940-19be-4c9e-bc2f-1daf319b024d	8	30915824	37416730	4043	0.1405
db9a3940-19be-4c9e-bc2f-1daf319b024d	8	37417498	39372664	946	0.1016
db9a3940-19be-4c9e-bc2f-1daf319b024d	8	39372806	39529446	61	1.0207
db9a3940-19be-4c9e-bc2f-1daf319b024d	8	39530780	75133623	20506	0.123
db9a3940-19be-4c9e-bc2f-1daf319b024d	8	75138083	79131597	2314	0.1731
db9a3940-19be-4c9e-bc2f-1daf319b024d	8	79132038	103714488	14611	0.1248
db9a3940-19be-4c9e-bc2f-1daf319b024d	8	103716445	114622325	6362	0.1571
db9a3940-19be-4c9e-bc2f-1daf319b024d	8	114622424	114629502	33	-0.6405
db9a3940-19be-4c9e-bc2f-1daf319b024d	8	114638468	117672792	1920	0.137
db9a3940-19be-4c9e-bc2f-1daf319b024d	8	117673625	117677856	2	-1.1718
db9a3940-19be-4c9e-bc2f-1daf319b024d	8	117678286	122655842	3513	0.1357
db9a3940-19be-4c9e-bc2f-1daf319b024d	8	122657114	140474941	13554	0.0916
db9a3940-19be-4c9e-bc2f-1daf319b024d	8	140479109	140805184	143	-0.336
db9a3940-19be-4c9e-bc2f-1daf319b024d	8	140806055	145072769	1909	0.1002
db9a3940-19be-4c9e-bc2f-1daf319b024d	9	46587	4936344	5040	-0.2912
db9a3940-19be-4c9e-bc2f-1daf319b024d	9	4936407	5123071	263	-0.1477
db9a3940-19be-4c9e-bc2f-1daf319b024d	9	5123108	23363117	15091	-0.2677
db9a3940-19be-4c9e-bc2f-1daf319b024d	9	23363935	23373486	7	-1.6586
db9a3940-19be-4c9e-bc2f-1daf319b024d	9	23378490	32281407	6577	-0.267
db9a3940-19be-4c9e-bc2f-1daf319b024d	9	32281427	38520414	3855	-0.3194
db9a3940-19be-4c9e-bc2f-1daf319b024d	9	38520462	39807498	301	-0.2718
db9a3940-19be-4c9e-bc2f-1daf319b024d	9	39827488	40887290	18	0.4884
db9a3940-19be-4c9e-bc2f-1daf319b024d	9	40922005	41571860	70	-0.2371
db9a3940-19be-4c9e-bc2f-1daf319b024d	9	41635766	42159409	33	0.3599
db9a3940-19be-4c9e-bc2f-1daf319b024d	9	42160250	42295397	12	-0.3352
db9a3940-19be-4c9e-bc2f-1daf319b024d	9	42302534	42524983	5	-2.0756
db9a3940-19be-4c9e-bc2f-1daf319b024d	9	42546668	61405110	58	-0.2374
db9a3940-19be-4c9e-bc2f-1daf319b024d	9	61520021	72706228	3481	0.0607
db9a3940-19be-4c9e-bc2f-1daf319b024d	9	72707185	83297313	7464	0.0849
db9a3940-19be-4c9e-bc2f-1daf319b024d	9	83297519	101796603	12578	0.0554
db9a3940-19be-4c9e-bc2f-1daf319b024d	9	101797725	104844404	2310	0.1125
db9a3940-19be-4c9e-bc2f-1daf319b024d	9	104844907	110254605	4232	0.0657
db9a3940-19be-4c9e-bc2f-1daf319b024d	9	110254682	110265889	11	0.6002
db9a3940-19be-4c9e-bc2f-1daf319b024d	9	110270151	123311874	9695	0.0669
db9a3940-19be-4c9e-bc2f-1daf319b024d	9	123314199	123322484	2	-1.8196
db9a3940-19be-4c9e-bc2f-1daf319b024d	9	123322842	129627140	3568	0.0386
db9a3940-19be-4c9e-bc2f-1daf319b024d	9	129627852	135322259	3629	-0.255
db9a3940-19be-4c9e-bc2f-1daf319b024d	9	135323776	135324566	2	-1.9207
db9a3940-19be-4c9e-bc2f-1daf319b024d	9	135325951	137356366	692	-0.2448
db9a3940-19be-4c9e-bc2f-1daf319b024d	9	137358233	137361381	7	0.5783
db9a3940-19be-4c9e-bc2f-1daf319b024d	9	137378551	138200944	407	-0.2147
db9a3940-19be-4c9e-bc2f-1daf319b024d	10	45792	94706	18	-0.1216
db9a3940-19be-4c9e-bc2f-1daf319b024d	10	96465	15541366	13089	-0.3255
db9a3940-19be-4c9e-bc2f-1daf319b024d	10	15541612	24088745	6071	-0.296
db9a3940-19be-4c9e-bc2f-1daf319b024d	10	24088746	24089125	10	0.6852
db9a3940-19be-4c9e-bc2f-1daf319b024d	10	24089979	46632302	12504	-0.3112
db9a3940-19be-4c9e-bc2f-1daf319b024d	10	46657149	47002596	15	0.3413
db9a3940-19be-4c9e-bc2f-1daf319b024d	10	47008590	53904245	4549	-0.2923
db9a3940-19be-4c9e-bc2f-1daf319b024d	10	53904266	53905230	2	1.3115
db9a3940-19be-4c9e-bc2f-1daf319b024d	10	53914357	57955202	2922	-0.2802
db9a3940-19be-4c9e-bc2f-1daf319b024d	10	57955953	58771522	560	-0.3238
db9a3940-19be-4c9e-bc2f-1daf319b024d	10	58771552	58771790	2	-1.7502
db9a3940-19be-4c9e-bc2f-1daf319b024d	10	58771921	64602409	3953	-0.3182
db9a3940-19be-4c9e-bc2f-1daf319b024d	10	64604359	64673026	52	-0.2292
db9a3940-19be-4c9e-bc2f-1daf319b024d	10	64673045	64678472	10	0.1813
db9a3940-19be-4c9e-bc2f-1daf319b024d	10	64678595	65546518	622	-0.2483
db9a3940-19be-4c9e-bc2f-1daf319b024d	10	65548165	65554672	27	-1.7879
db9a3940-19be-4c9e-bc2f-1daf319b024d	10	65554688	87269486	14437	-0.285
db9a3940-19be-4c9e-bc2f-1daf319b024d	10	87278584	87353136	14	-0.9653
db9a3940-19be-4c9e-bc2f-1daf319b024d	10	87357543	133416364	31591	-0.291
db9a3940-19be-4c9e-bc2f-1daf319b024d	10	133419150	133574363	115	0.1954
db9a3940-19be-4c9e-bc2f-1daf319b024d	10	133574371	133654968	33	-0.339
db9a3940-19be-4c9e-bc2f-1daf319b024d	11	198510	4947280	2413	-0.2995
db9a3940-19be-4c9e-bc2f-1daf319b024d	11	4949013	4957152	31	0.5206
db9a3940-19be-4c9e-bc2f-1daf319b024d	11	4961686	10414489	4005	-0.2957
db9a3940-19be-4c9e-bc2f-1daf319b024d	11	10415792	10415954	2	-1.8209
db9a3940-19be-4c9e-bc2f-1daf319b024d	11	10416806	18928709	6211	-0.3075
db9a3940-19be-4c9e-bc2f-1daf319b024d	11	18929039	18949866	42	0.0208
db9a3940-19be-4c9e-bc2f-1daf319b024d	11	18950075	23247638	3597	-0.2884
db9a3940-19be-4c9e-bc2f-1daf319b024d	11	23248080	29721068	4428	-0.2453
db9a3940-19be-4c9e-bc2f-1daf319b024d	11	29732375	55608804	13702	-0.2799
db9a3940-19be-4c9e-bc2f-1daf319b024d	11	55609022	55674842	40	-1.4576
db9a3940-19be-4c9e-bc2f-1daf319b024d	11	55676735	79755725	12906	-0.3095
db9a3940-19be-4c9e-bc2f-1daf319b024d	11	79755768	81792426	1666	-0.2638
db9a3940-19be-4c9e-bc2f-1daf319b024d	11	81792950	81806116	10	-1.4571
db9a3940-19be-4c9e-bc2f-1daf319b024d	11	81811590	92090484	6683	-0.2637
db9a3940-19be-4c9e-bc2f-1daf319b024d	11	92090485	92090489	5	-2.2113
db9a3940-19be-4c9e-bc2f-1daf319b024d	11	92090831	110735116	13123	-0.2668
db9a3940-19be-4c9e-bc2f-1daf319b024d	11	110735838	135074876	17843	-0.3066
db9a3940-19be-4c9e-bc2f-1daf319b024d	12	51460	2126462	1262	0.3401
db9a3940-19be-4c9e-bc2f-1daf319b024d	12	2126723	2150801	46	-0.3014
db9a3940-19be-4c9e-bc2f-1daf319b024d	12	2151588	11351157	6063	0.3433
db9a3940-19be-4c9e-bc2f-1daf319b024d	12	11358643	11390452	30	0.8421
db9a3940-19be-4c9e-bc2f-1daf319b024d	12	11390472	16427186	3664	0.3478
db9a3940-19be-4c9e-bc2f-1daf319b024d	12	16427263	24239882	5059	0.4026
db9a3940-19be-4c9e-bc2f-1daf319b024d	12	24240820	27942625	2823	0.3619
db9a3940-19be-4c9e-bc2f-1daf319b024d	12	27944039	27944711	9	-0.5338
db9a3940-19be-4c9e-bc2f-1daf319b024d	12	27950527	31897865	2917	0.371
db9a3940-19be-4c9e-bc2f-1daf319b024d	12	31900298	31905041	6	-0.5858
db9a3940-19be-4c9e-bc2f-1daf319b024d	12	31908234	37494436	1717	0.3715
db9a3940-19be-4c9e-bc2f-1daf319b024d	12	37494865	47055726	5681	0.0679
db9a3940-19be-4c9e-bc2f-1daf319b024d	12	47064159	58016973	6068	0.0238
db9a3940-19be-4c9e-bc2f-1daf319b024d	12	58017027	59776118	1298	0.0622
db9a3940-19be-4c9e-bc2f-1daf319b024d	12	59779242	59779575	2	-1.2781
db9a3940-19be-4c9e-bc2f-1daf319b024d	12	59779625	61882691	1245	0.1003
db9a3940-19be-4c9e-bc2f-1daf319b024d	12	61882722	64044748	1361	0.0537
db9a3940-19be-4c9e-bc2f-1daf319b024d	12	64053175	64054032	2	-1.2188
db9a3940-19be-4c9e-bc2f-1daf319b024d	12	64054454	69953244	3957	0.04
db9a3940-19be-4c9e-bc2f-1daf319b024d	12	69954180	90089573	12381	0.0831
db9a3940-19be-4c9e-bc2f-1daf319b024d	12	90097892	90098297	7	-1.0228
db9a3940-19be-4c9e-bc2f-1daf319b024d	12	90099780	92694486	1811	0.0805
db9a3940-19be-4c9e-bc2f-1daf319b024d	12	92698066	105996456	9105	0.0459
db9a3940-19be-4c9e-bc2f-1daf319b024d	12	105998308	131704849	17737	0.0221
db9a3940-19be-4c9e-bc2f-1daf319b024d	12	131704927	133201603	531	-0.3839
db9a3940-19be-4c9e-bc2f-1daf319b024d	13	18452809	18833965	88	-0.0833
db9a3940-19be-4c9e-bc2f-1daf319b024d	13	18834045	23442007	3079	-0.3117
db9a3940-19be-4c9e-bc2f-1daf319b024d	13	23444703	23444913	2	-2.1649
db9a3940-19be-4c9e-bc2f-1daf319b024d	13	23445207	37495907	10297	-0.3187
db9a3940-19be-4c9e-bc2f-1daf319b024d	13	37496233	37510620	18	0.4046
db9a3940-19be-4c9e-bc2f-1daf319b024d	13	37514193	42984536	3886	-0.2989
db9a3940-19be-4c9e-bc2f-1daf319b024d	13	42984697	42984710	2	-2.6911
db9a3940-19be-4c9e-bc2f-1daf319b024d	13	42985632	52520664	6001	-0.303
db9a3940-19be-4c9e-bc2f-1daf319b024d	13	52523849	52531650	3	-1.5687
db9a3940-19be-4c9e-bc2f-1daf319b024d	13	52543744	57176962	2615	-0.2792
db9a3940-19be-4c9e-bc2f-1daf319b024d	13	57184136	57204234	33	-1.66
db9a3940-19be-4c9e-bc2f-1daf319b024d	13	57204246	71902850	8972	-0.2697
db9a3940-19be-4c9e-bc2f-1daf319b024d	13	71903417	71906418	4	-2.5104
db9a3940-19be-4c9e-bc2f-1daf319b024d	13	71906467	80515534	6034	-0.2777
db9a3940-19be-4c9e-bc2f-1daf319b024d	13	80518508	97049082	10334	-0.2405
db9a3940-19be-4c9e-bc2f-1daf319b024d	13	97058866	109913779	9975	-0.2797
db9a3940-19be-4c9e-bc2f-1daf319b024d	13	109919674	114342922	2702	-0.3266
db9a3940-19be-4c9e-bc2f-1daf319b024d	14	18239283	19185165	38	-0.0969
db9a3940-19be-4c9e-bc2f-1daf319b024d	14	19185951	19675350	25	0.9448
db9a3940-19be-4c9e-bc2f-1daf319b024d	14	19689684	19954424	103	0.6264
db9a3940-19be-4c9e-bc2f-1daf319b024d	14	19955213	21924631	1344	0.0985
db9a3940-19be-4c9e-bc2f-1daf319b024d	14	21924790	22111868	158	0.2423
db9a3940-19be-4c9e-bc2f-1daf319b024d	14	22112617	22461795	282	0.3604
db9a3940-19be-4c9e-bc2f-1daf319b024d	14	22461816	22506715	70	0.2376
db9a3940-19be-4c9e-bc2f-1daf319b024d	14	22506743	22815090	234	0.1358
db9a3940-19be-4c9e-bc2f-1daf319b024d	14	22820396	23986216	628	0.0831
db9a3940-19be-4c9e-bc2f-1daf319b024d	14	23989435	23989521	2	-1.0781
db9a3940-19be-4c9e-bc2f-1daf319b024d	14	23989734	25200782	822	0.0933
db9a3940-19be-4c9e-bc2f-1daf319b024d	14	25201534	41139155	10039	0.139
db9a3940-19be-4c9e-bc2f-1daf319b024d	14	41141293	41188046	14	-0.7566
db9a3940-19be-4c9e-bc2f-1daf319b024d	14	41188146	53341126	7366	0.1298
db9a3940-19be-4c9e-bc2f-1daf319b024d	14	53344322	53345341	5	-1.5802
db9a3940-19be-4c9e-bc2f-1daf319b024d	14	53345534	64739718	7561	0.1148
db9a3940-19be-4c9e-bc2f-1daf319b024d	14	64740321	64740324	2	-1.2792
db9a3940-19be-4c9e-bc2f-1daf319b024d	14	64740470	73534419	5505	0.1072
db9a3940-19be-4c9e-bc2f-1daf319b024d	14	73540003	73563196	9	-1.2422
db9a3940-19be-4c9e-bc2f-1daf319b024d	14	73563211	74641319	612	0.0717
db9a3940-19be-4c9e-bc2f-1daf319b024d	14	74641587	74647828	9	-0.5141
db9a3940-19be-4c9e-bc2f-1daf319b024d	14	74654650	77950640	2149	0.0881
db9a3940-19be-4c9e-bc2f-1daf319b024d	14	77953802	82004385	2783	0.1323
db9a3940-19be-4c9e-bc2f-1daf319b024d	14	82004789	82008094	2	-1.077
db9a3940-19be-4c9e-bc2f-1daf319b024d	14	82008805	88993777	4618	0.1523
db9a3940-19be-4c9e-bc2f-1daf319b024d	14	88995002	105613310	10464	0.0937
db9a3940-19be-4c9e-bc2f-1daf319b024d	14	105616252	105632998	4	-0.7561
db9a3940-19be-4c9e-bc2f-1daf319b024d	14	105636696	105983580	97	0.138
db9a3940-19be-4c9e-bc2f-1daf319b024d	14	105984954	105994255	6	0.6773
db9a3940-19be-4c9e-bc2f-1daf319b024d	14	105994511	106412640	152	0.1558
db9a3940-19be-4c9e-bc2f-1daf319b024d	14	106416146	106487827	54	0.4214
db9a3940-19be-4c9e-bc2f-1daf319b024d	14	106492557	106877229	191	0.1333
db9a3940-19be-4c9e-bc2f-1daf319b024d	15	19811075	19998708	44	0.5541
db9a3940-19be-4c9e-bc2f-1daf319b024d	15	20001686	22299523	162	1.1158
db9a3940-19be-4c9e-bc2f-1daf319b024d	15	22385639	24424598	992	0.4244
db9a3940-19be-4c9e-bc2f-1daf319b024d	15	24429604	24473449	34	-0.2016
db9a3940-19be-4c9e-bc2f-1daf319b024d	15	24480146	30253522	3606	0.4072
db9a3940-19be-4c9e-bc2f-1daf319b024d	15	30259942	30269364	2	-1.853
db9a3940-19be-4c9e-bc2f-1daf319b024d	15	30281107	39141336	5908	0.4197
db9a3940-19be-4c9e-bc2f-1daf319b024d	15	39141976	39144506	4	-0.8517
db9a3940-19be-4c9e-bc2f-1daf319b024d	15	39144874	39765891	497	0.4095
db9a3940-19be-4c9e-bc2f-1daf319b024d	15	39766292	45777197	2894	0.3706
db9a3940-19be-4c9e-bc2f-1daf319b024d	15	45778142	62090576	11147	0.4079
db9a3940-19be-4c9e-bc2f-1daf319b024d	15	62090684	85280174	13610	0.3747
db9a3940-19be-4c9e-bc2f-1daf319b024d	15	85282062	97265179	9174	0.408
db9a3940-19be-4c9e-bc2f-1daf319b024d	15	97274562	97288957	11	-0.128
db9a3940-19be-4c9e-bc2f-1daf319b024d	15	97290419	101928837	3423	0.4102
db9a3940-19be-4c9e-bc2f-1daf319b024d	16	10777	22614315	14782	0.0961
db9a3940-19be-4c9e-bc2f-1daf319b024d	16	22614450	22709045	62	0.4289
db9a3940-19be-4c9e-bc2f-1daf319b024d	16	22710317	29268429	4199	0.0741
db9a3940-19be-4c9e-bc2f-1daf319b024d	16	29269203	29269734	3	-1.1312
db9a3940-19be-4c9e-bc2f-1daf319b024d	16	29270444	55761136	7873	0.1053
db9a3940-19be-4c9e-bc2f-1daf319b024d	16	55762477	55762682	4	-0.9092
db9a3940-19be-4c9e-bc2f-1daf319b024d	16	55764310	55764867	3	2.6143
db9a3940-19be-4c9e-bc2f-1daf319b024d	16	55770436	55782734	11	-0.7619
db9a3940-19be-4c9e-bc2f-1daf319b024d	16	55782793	55824881	17	0.6649
db9a3940-19be-4c9e-bc2f-1daf319b024d	16	55834527	58975124	1924	0.1048
db9a3940-19be-4c9e-bc2f-1daf319b024d	16	58975187	65319455	4248	0.1481
db9a3940-19be-4c9e-bc2f-1daf319b024d	16	65327048	90096867	18709	0.1075
db9a3940-19be-4c9e-bc2f-1daf319b024d	17	150733	18413879	11375	-0.3177
db9a3940-19be-4c9e-bc2f-1daf319b024d	17	18414080	18592992	31	0.2472
db9a3940-19be-4c9e-bc2f-1daf319b024d	17	18593989	19617518	376	-0.2978
db9a3940-19be-4c9e-bc2f-1daf319b024d	17	19617545	19617742	2	0.7156
db9a3940-19be-4c9e-bc2f-1daf319b024d	17	19618287	19803988	131	-0.3123
db9a3940-19be-4c9e-bc2f-1daf319b024d	17	19804756	20050805	120	-0.087
db9a3940-19be-4c9e-bc2f-1daf319b024d	17	20052573	22714687	833	-0.4618
db9a3940-19be-4c9e-bc2f-1daf319b024d	17	22717613	41266838	7920	-0.3113
db9a3940-19be-4c9e-bc2f-1daf319b024d	17	41266851	41271807	10	-1.2552
db9a3940-19be-4c9e-bc2f-1daf319b024d	17	41271838	41273905	5	-0.0003
db9a3940-19be-4c9e-bc2f-1daf319b024d	17	41273921	41274198	3	-2.3081
db9a3940-19be-4c9e-bc2f-1daf319b024d	17	41274279	46084941	2499	-0.2973
db9a3940-19be-4c9e-bc2f-1daf319b024d	17	46085231	46286804	126	0.3667
db9a3940-19be-4c9e-bc2f-1daf319b024d	17	46323701	76786609	18329	-0.3104
db9a3940-19be-4c9e-bc2f-1daf319b024d	17	76789516	76792055	2	-2.0377
db9a3940-19be-4c9e-bc2f-1daf319b024d	17	76792592	83091923	3213	-0.3185
db9a3940-19be-4c9e-bc2f-1daf319b024d	18	48133	92133	8	-0.1035
db9a3940-19be-4c9e-bc2f-1daf319b024d	18	97829	21143675	10463	0.1303
db9a3940-19be-4c9e-bc2f-1daf319b024d	18	21147208	65532840	29415	0.0958
db9a3940-19be-4c9e-bc2f-1daf319b024d	18	65533230	65537481	18	0.7082
db9a3940-19be-4c9e-bc2f-1daf319b024d	18	65540037	66060309	359	0.1062
db9a3940-19be-4c9e-bc2f-1daf319b024d	18	66060363	66061104	10	-0.5051
db9a3940-19be-4c9e-bc2f-1daf319b024d	18	66065502	66239629	148	0.1076
db9a3940-19be-4c9e-bc2f-1daf319b024d	18	66240197	66244352	10	-0.9251
db9a3940-19be-4c9e-bc2f-1daf319b024d	18	66244639	72289278	4342	0.1145
db9a3940-19be-4c9e-bc2f-1daf319b024d	18	72289354	73531653	1010	0.0821
db9a3940-19be-4c9e-bc2f-1daf319b024d	18	73533640	73537673	3	1.1571
db9a3940-19be-4c9e-bc2f-1daf319b024d	18	73540369	80257174	4903	0.0719
db9a3940-19be-4c9e-bc2f-1daf319b024d	19	90910	3864709	1038	-0.2158
db9a3940-19be-4c9e-bc2f-1daf319b024d	19	3877751	6722790	1125	0.1119
db9a3940-19be-4c9e-bc2f-1daf319b024d	19	6727293	12581187	2879	0.5464
db9a3940-19be-4c9e-bc2f-1daf319b024d	19	12586552	12587288	2	-2.1081
db9a3940-19be-4c9e-bc2f-1daf319b024d	19	12589709	17705690	2619	0.5482
db9a3940-19be-4c9e-bc2f-1daf319b024d	19	17719125	21528153	1880	0.4087
db9a3940-19be-4c9e-bc2f-1daf319b024d	19	21534501	21538872	2	-1.2664
db9a3940-19be-4c9e-bc2f-1daf319b024d	19	21539503	21803490	148	0.3604
db9a3940-19be-4c9e-bc2f-1daf319b024d	19	21803512	22018806	130	0.5607
db9a3940-19be-4c9e-bc2f-1daf319b024d	19	22019364	23425678	781	0.3927
db9a3940-19be-4c9e-bc2f-1daf319b024d	19	23426619	27582051	597	0.1852
db9a3940-19be-4c9e-bc2f-1daf319b024d	19	27589514	35358420	5503	0.0584
db9a3940-19be-4c9e-bc2f-1daf319b024d	19	35364451	35370946	21	0.5072
db9a3940-19be-4c9e-bc2f-1daf319b024d	19	35375842	54226378	9774	0.0541
db9a3940-19be-4c9e-bc2f-1daf319b024d	19	54226396	54237443	13	0.5317
db9a3940-19be-4c9e-bc2f-1daf319b024d	19	54249482	54772391	271	0.0399
db9a3940-19be-4c9e-bc2f-1daf319b024d	19	54772476	54815158	18	0.8166
db9a3940-19be-4c9e-bc2f-1daf319b024d	19	54819199	55771169	458	0.0538
db9a3940-19be-4c9e-bc2f-1daf319b024d	19	55771663	55771701	2	-2.9412
db9a3940-19be-4c9e-bc2f-1daf319b024d	19	55774927	58586487	1838	0.043
db9a3940-19be-4c9e-bc2f-1daf319b024d	20	80664	1580353	1204	0.3618
db9a3940-19be-4c9e-bc2f-1daf319b024d	20	1580934	1609809	38	1.7982
db9a3940-19be-4c9e-bc2f-1daf319b024d	20	1609888	6200424	3340	0.3573
db9a3940-19be-4c9e-bc2f-1daf319b024d	20	6201318	15812216	7518	0.4046
db9a3940-19be-4c9e-bc2f-1daf319b024d	20	15812365	32042239	8323	0.3671
db9a3940-19be-4c9e-bc2f-1daf319b024d	20	32049313	53996010	14409	0.3349
db9a3940-19be-4c9e-bc2f-1daf319b024d	20	53997724	54065342	112	0.4032
db9a3940-19be-4c9e-bc2f-1daf319b024d	20	54065374	54065389	2	-1.8263
db9a3940-19be-4c9e-bc2f-1daf319b024d	20	54065719	64324800	7408	0.3533
db9a3940-19be-4c9e-bc2f-1daf319b024d	21	10354168	26908194	9846	-0.2631
db9a3940-19be-4c9e-bc2f-1daf319b024d	21	26910341	26911285	4	-2.0801
db9a3940-19be-4c9e-bc2f-1daf319b024d	21	26911831	31165474	3081	-0.2659
db9a3940-19be-4c9e-bc2f-1daf319b024d	21	31166950	46677045	10900	-0.3092
db9a3940-19be-4c9e-bc2f-1daf319b024d	22	15294547	20596277	2166	0.1117
db9a3940-19be-4c9e-bc2f-1daf319b024d	22	20598622	20599032	2	-3.4164
db9a3940-19be-4c9e-bc2f-1daf319b024d	22	20601876	21660855	598	0.1079
db9a3940-19be-4c9e-bc2f-1daf319b024d	22	21661289	23049643	1054	0.1566
db9a3940-19be-4c9e-bc2f-1daf319b024d	22	23050103	48299054	17696	0.0889
db9a3940-19be-4c9e-bc2f-1daf319b024d	22	48300847	48300885	2	-1.568
db9a3940-19be-4c9e-bc2f-1daf319b024d	22	48301445	50796027	1742	0.1148
db9a3940-19be-4c9e-bc2f-1daf319b024d	X	251810	5240323	1874	0.6084
db9a3940-19be-4c9e-bc2f-1daf319b024d	X	5242906	5244183	2	-2.547
db9a3940-19be-4c9e-bc2f-1daf319b024d	X	5247771	5874940	549	0.5979
db9a3940-19be-4c9e-bc2f-1daf319b024d	X	5875870	6596652	581	0.7011
db9a3940-19be-4c9e-bc2f-1daf319b024d	X	6597874	8755511	1621	0.617
db9a3940-19be-4c9e-bc2f-1daf319b024d	X	8757561	12546831	2800	0.6921
db9a3940-19be-4c9e-bc2f-1daf319b024d	X	12547376	14099684	1151	0.9141
db9a3940-19be-4c9e-bc2f-1daf319b024d	X	14099990	15111556	620	0.7277
db9a3940-19be-4c9e-bc2f-1daf319b024d	X	15112166	15975354	570	0.6178
db9a3940-19be-4c9e-bc2f-1daf319b024d	X	15976144	16175942	115	0.7155
db9a3940-19be-4c9e-bc2f-1daf319b024d	X	16176615	16222846	41	0.8738
db9a3940-19be-4c9e-bc2f-1daf319b024d	X	16225211	16455401	138	0.701
db9a3940-19be-4c9e-bc2f-1daf319b024d	X	16455417	16456062	5	-0.0457
db9a3940-19be-4c9e-bc2f-1daf319b024d	X	16458962	18849332	1299	0.694
db9a3940-19be-4c9e-bc2f-1daf319b024d	X	18850454	19442472	346	0.6272
db9a3940-19be-4c9e-bc2f-1daf319b024d	X	19448185	19450600	2	-0.7476
db9a3940-19be-4c9e-bc2f-1daf319b024d	X	19454127	25652553	3836	0.6888
db9a3940-19be-4c9e-bc2f-1daf319b024d	X	25652775	30904872	3333	0.7249
db9a3940-19be-4c9e-bc2f-1daf319b024d	X	30904970	31167939	192	0.5797
db9a3940-19be-4c9e-bc2f-1daf319b024d	X	31168190	32948704	1375	0.7379
db9a3940-19be-4c9e-bc2f-1daf319b024d	X	32951163	34624287	1175	0.6081
db9a3940-19be-4c9e-bc2f-1daf319b024d	X	34626703	36538561	1119	0.7481
db9a3940-19be-4c9e-bc2f-1daf319b024d	X	36538795	53009311	8215	0.6792
db9a3940-19be-4c9e-bc2f-1daf319b024d	X	53009909	58289627	2378	0.9342
db9a3940-19be-4c9e-bc2f-1daf319b024d	X	58291553	64687534	744	0.7767
db9a3940-19be-4c9e-bc2f-1daf319b024d	X	64692588	64768751	35	1.1926
db9a3940-19be-4c9e-bc2f-1daf319b024d	X	64770263	65462652	284	1.0265
db9a3940-19be-4c9e-bc2f-1daf319b024d	X	65468022	66133872	294	1.1665
db9a3940-19be-4c9e-bc2f-1daf319b024d	X	66134188	66355635	126	1.3746
db9a3940-19be-4c9e-bc2f-1daf319b024d	X	66358699	66445921	79	1.0526
db9a3940-19be-4c9e-bc2f-1daf319b024d	X	66448827	66512217	43	0.882
db9a3940-19be-4c9e-bc2f-1daf319b024d	X	66512709	67072114	268	0.4847
db9a3940-19be-4c9e-bc2f-1daf319b024d	X	67077648	67368359	143	0.1138
db9a3940-19be-4c9e-bc2f-1daf319b024d	X	67369229	67384702	8	0.5235
db9a3940-19be-4c9e-bc2f-1daf319b024d	X	67387456	73580113	2766	-0.5051
db9a3940-19be-4c9e-bc2f-1daf319b024d	X	73584061	73584391	2	-2.5674
db9a3940-19be-4c9e-bc2f-1daf319b024d	X	73584489	81632227	3694	-0.5027
db9a3940-19be-4c9e-bc2f-1daf319b024d	X	81633574	84437082	1396	-0.4241
db9a3940-19be-4c9e-bc2f-1daf319b024d	X	84437709	129185807	24591	-0.5067
db9a3940-19be-4c9e-bc2f-1daf319b024d	X	129186633	129192989	12	-4.3406
db9a3940-19be-4c9e-bc2f-1daf319b024d	X	129194201	138489575	4978	-0.5293
db9a3940-19be-4c9e-bc2f-1daf319b024d	X	138489734	138490686	5	-3.8313
db9a3940-19be-4c9e-bc2f-1daf319b024d	X	138490846	155952689	10653	-0.5402
db9a3940-19be-4c9e-bc2f-1daf319b024d	Y	2782397	56872112	6640	-2.9389
