GDC_Aliquot	Chromosome	Start	End	Num_Probes	Segment_Mean
9a9ec4ee-7535-4c73-8db6-adf3a7aa9828	1	62920	2092625	350	-0.7908
9a9ec4ee-7535-4c73-8db6-adf3a7aa9828	1	2096462	2109324	4	-4.7365
9a9ec4ee-7535-4c73-8db6-adf3a7aa9828	1	2109459	3343113	405	-1.1368
9a9ec4ee-7535-4c73-8db6-adf3a7aa9828	1	3345118	3362760	4	-5.1269
9a9ec4ee-7535-4c73-8db6-adf3a7aa9828	1	3364250	7468609	2809	-0.8847
9a9ec4ee-7535-4c73-8db6-adf3a7aa9828	1	7468786	7476683	11	-2.7495
9a9ec4ee-7535-4c73-8db6-adf3a7aa9828	1	7476823	10788003	1800	-0.7596
9a9ec4ee-7535-4c73-8db6-adf3a7aa9828	1	10798689	16604834	3206	0.1375
9a9ec4ee-7535-4c73-8db6-adf3a7aa9828	1	16605031	16863509	52	-0.158
9a9ec4ee-7535-4c73-8db6-adf3a7aa9828	1	16864367	16935737	53	-0.4513
9a9ec4ee-7535-4c73-8db6-adf3a7aa9828	1	16935752	16985328	20	-0.0866
9a9ec4ee-7535-4c73-8db6-adf3a7aa9828	1	16988207	24757617	4902	0.1252
9a9ec4ee-7535-4c73-8db6-adf3a7aa9828	1	24760503	26218910	768	0.2163
9a9ec4ee-7535-4c73-8db6-adf3a7aa9828	1	26219172	31148580	2590	0.1327
9a9ec4ee-7535-4c73-8db6-adf3a7aa9828	1	31150820	31152499	2	-2.3739
9a9ec4ee-7535-4c73-8db6-adf3a7aa9828	1	31152542	55014831	13314	0.1546
9a9ec4ee-7535-4c73-8db6-adf3a7aa9828	1	55015431	66030425	8342	0.1843
9a9ec4ee-7535-4c73-8db6-adf3a7aa9828	1	66030905	71556523	3612	0.2323
9a9ec4ee-7535-4c73-8db6-adf3a7aa9828	1	71556547	72303233	456	0.1757
9a9ec4ee-7535-4c73-8db6-adf3a7aa9828	1	72303253	72345465	45	-1.4499
9a9ec4ee-7535-4c73-8db6-adf3a7aa9828	1	72346221	78286867	3744	0.1556
9a9ec4ee-7535-4c73-8db6-adf3a7aa9828	1	78286983	84955331	4475	0.2566
9a9ec4ee-7535-4c73-8db6-adf3a7aa9828	1	84956378	105470754	12722	0.1981
9a9ec4ee-7535-4c73-8db6-adf3a7aa9828	1	105476583	105479753	17	-2.0747
9a9ec4ee-7535-4c73-8db6-adf3a7aa9828	1	105481433	109684893	2633	0.1952
9a9ec4ee-7535-4c73-8db6-adf3a7aa9828	1	109690352	109697556	13	-1.3259
9a9ec4ee-7535-4c73-8db6-adf3a7aa9828	1	109702376	112147704	1950	0.1957
9a9ec4ee-7535-4c73-8db6-adf3a7aa9828	1	112153343	112154591	22	-1.8457
9a9ec4ee-7535-4c73-8db6-adf3a7aa9828	1	112154619	115155215	1827	0.1595
9a9ec4ee-7535-4c73-8db6-adf3a7aa9828	1	115157706	118774721	2368	0.2166
9a9ec4ee-7535-4c73-8db6-adf3a7aa9828	1	118777375	152583051	3407	0.1678
9a9ec4ee-7535-4c73-8db6-adf3a7aa9828	1	152583230	152613762	31	-1.9579
9a9ec4ee-7535-4c73-8db6-adf3a7aa9828	1	152613802	152618089	6	-0.5736
9a9ec4ee-7535-4c73-8db6-adf3a7aa9828	1	152618187	152787202	165	0.1162
9a9ec4ee-7535-4c73-8db6-adf3a7aa9828	1	152789447	152789532	4	-0.804
9a9ec4ee-7535-4c73-8db6-adf3a7aa9828	1	152789570	152796224	33	-1.913
9a9ec4ee-7535-4c73-8db6-adf3a7aa9828	1	152801429	167069699	9585	0.1661
9a9ec4ee-7535-4c73-8db6-adf3a7aa9828	1	167069735	173214962	4377	0.2277
9a9ec4ee-7535-4c73-8db6-adf3a7aa9828	1	173218636	191464057	11945	0.1912
9a9ec4ee-7535-4c73-8db6-adf3a7aa9828	1	191464358	194769951	2247	0.2526
9a9ec4ee-7535-4c73-8db6-adf3a7aa9828	1	194770786	196719029	1270	0.1851
9a9ec4ee-7535-4c73-8db6-adf3a7aa9828	1	196720486	196843377	82	0.3949
9a9ec4ee-7535-4c73-8db6-adf3a7aa9828	1	196843400	196846661	2	3.3887
9a9ec4ee-7535-4c73-8db6-adf3a7aa9828	1	196847600	208274415	7413	0.1901
9a9ec4ee-7535-4c73-8db6-adf3a7aa9828	1	208276138	208281026	9	-0.5471
9a9ec4ee-7535-4c73-8db6-adf3a7aa9828	1	208281742	218466247	7363	0.1879
9a9ec4ee-7535-4c73-8db6-adf3a7aa9828	1	218466493	222226527	2613	0.2285
9a9ec4ee-7535-4c73-8db6-adf3a7aa9828	1	222228919	222989404	403	0.1856
9a9ec4ee-7535-4c73-8db6-adf3a7aa9828	1	222989440	223482805	349	0.1301
9a9ec4ee-7535-4c73-8db6-adf3a7aa9828	1	223482849	227881740	2677	0.1813
9a9ec4ee-7535-4c73-8db6-adf3a7aa9828	1	227882998	229675422	994	0.1007
9a9ec4ee-7535-4c73-8db6-adf3a7aa9828	1	229681109	229684449	3	-2.3473
9a9ec4ee-7535-4c73-8db6-adf3a7aa9828	1	229684709	232407242	2048	0.1402
9a9ec4ee-7535-4c73-8db6-adf3a7aa9828	1	232407534	237977918	4263	0.2035
9a9ec4ee-7535-4c73-8db6-adf3a7aa9828	1	237981288	248436996	7458	0.148
9a9ec4ee-7535-4c73-8db6-adf3a7aa9828	1	248437495	248473963	13	0.6946
9a9ec4ee-7535-4c73-8db6-adf3a7aa9828	1	248475325	248525314	13	0.2807
9a9ec4ee-7535-4c73-8db6-adf3a7aa9828	1	248546369	248574146	4	-0.6312
9a9ec4ee-7535-4c73-8db6-adf3a7aa9828	1	248585893	248645808	34	-2.5166
9a9ec4ee-7535-4c73-8db6-adf3a7aa9828	1	248646068	248930189	139	0.0172
9a9ec4ee-7535-4c73-8db6-adf3a7aa9828	2	12784	1366271	884	-0.9141
9a9ec4ee-7535-4c73-8db6-adf3a7aa9828	2	1366941	1883277	320	-1.1154
9a9ec4ee-7535-4c73-8db6-adf3a7aa9828	2	1884437	4158097	1740	-0.8226
9a9ec4ee-7535-4c73-8db6-adf3a7aa9828	2	4166274	4182472	43	-1.9075
9a9ec4ee-7535-4c73-8db6-adf3a7aa9828	2	4187192	34466002	20965	-0.6827
9a9ec4ee-7535-4c73-8db6-adf3a7aa9828	2	34474248	34511990	46	-1.7678
9a9ec4ee-7535-4c73-8db6-adf3a7aa9828	2	34512096	35750907	870	-0.6266
9a9ec4ee-7535-4c73-8db6-adf3a7aa9828	2	35752724	35761650	4	-2.1736
9a9ec4ee-7535-4c73-8db6-adf3a7aa9828	2	35761842	60257545	17552	-0.6375
9a9ec4ee-7535-4c73-8db6-adf3a7aa9828	2	60257774	60258026	4	-2.3044
9a9ec4ee-7535-4c73-8db6-adf3a7aa9828	2	60258458	78457016	11276	-0.6381
9a9ec4ee-7535-4c73-8db6-adf3a7aa9828	2	78461155	82541342	2772	-0.7238
9a9ec4ee-7535-4c73-8db6-adf3a7aa9828	2	82541499	89284150	3230	-0.6576
9a9ec4ee-7535-4c73-8db6-adf3a7aa9828	2	89296555	91703526	142	0.062
9a9ec4ee-7535-4c73-8db6-adf3a7aa9828	2	91717024	106265177	6487	-0.676
9a9ec4ee-7535-4c73-8db6-adf3a7aa9828	2	106266773	106268523	6	-2.9211
9a9ec4ee-7535-4c73-8db6-adf3a7aa9828	2	106268557	117499787	6137	-0.667
9a9ec4ee-7535-4c73-8db6-adf3a7aa9828	2	117507986	134532882	10499	-0.7218
9a9ec4ee-7535-4c73-8db6-adf3a7aa9828	2	134533564	141748161	4514	-0.6518
9a9ec4ee-7535-4c73-8db6-adf3a7aa9828	2	141748465	143505464	1106	-0.6015
9a9ec4ee-7535-4c73-8db6-adf3a7aa9828	2	143505847	143508935	3	-2.3257
9a9ec4ee-7535-4c73-8db6-adf3a7aa9828	2	143509067	146108264	1471	-0.5869
9a9ec4ee-7535-4c73-8db6-adf3a7aa9828	2	146108406	146109366	11	-2.3625
9a9ec4ee-7535-4c73-8db6-adf3a7aa9828	2	146120238	181375397	21685	-0.612
9a9ec4ee-7535-4c73-8db6-adf3a7aa9828	2	181376971	190367405	5164	-0.5629
9a9ec4ee-7535-4c73-8db6-adf3a7aa9828	2	190368270	190373648	4	-2.1273
9a9ec4ee-7535-4c73-8db6-adf3a7aa9828	2	190380359	191387410	634	-0.5628
9a9ec4ee-7535-4c73-8db6-adf3a7aa9828	2	191387685	213107780	13019	-0.6263
9a9ec4ee-7535-4c73-8db6-adf3a7aa9828	2	213107929	213107942	2	-2.9861
9a9ec4ee-7535-4c73-8db6-adf3a7aa9828	2	213108947	217652421	3041	-0.6122
9a9ec4ee-7535-4c73-8db6-adf3a7aa9828	2	217652451	232258930	9101	-0.6541
9a9ec4ee-7535-4c73-8db6-adf3a7aa9828	2	232259975	236241523	2747	-0.7444
9a9ec4ee-7535-4c73-8db6-adf3a7aa9828	2	236241735	238839679	1719	-0.6654
9a9ec4ee-7535-4c73-8db6-adf3a7aa9828	2	238842563	242147305	1751	-0.799
9a9ec4ee-7535-4c73-8db6-adf3a7aa9828	3	20930	4038738	3611	0.1974
9a9ec4ee-7535-4c73-8db6-adf3a7aa9828	3	4038836	4056398	30	-0.5983
9a9ec4ee-7535-4c73-8db6-adf3a7aa9828	3	4056446	8421299	3765	0.2235
9a9ec4ee-7535-4c73-8db6-adf3a7aa9828	3	8421326	20294420	7842	0.1726
9a9ec4ee-7535-4c73-8db6-adf3a7aa9828	3	20297298	28768295	6190	0.2246
9a9ec4ee-7535-4c73-8db6-adf3a7aa9828	3	28768950	28774617	7	-0.8104
9a9ec4ee-7535-4c73-8db6-adf3a7aa9828	3	28775352	34776603	4009	0.2213
9a9ec4ee-7535-4c73-8db6-adf3a7aa9828	3	34779540	47437019	8012	-0.439
9a9ec4ee-7535-4c73-8db6-adf3a7aa9828	3	47450332	47451230	2	-2.831
9a9ec4ee-7535-4c73-8db6-adf3a7aa9828	3	47455724	68675541	14266	-0.4465
9a9ec4ee-7535-4c73-8db6-adf3a7aa9828	3	68676600	68698262	17	0.3587
9a9ec4ee-7535-4c73-8db6-adf3a7aa9828	3	68699607	75519398	4921	-0.4273
9a9ec4ee-7535-4c73-8db6-adf3a7aa9828	3	75523398	75528153	3	-2.0627
9a9ec4ee-7535-4c73-8db6-adf3a7aa9828	3	75529707	85381722	5424	-0.4593
9a9ec4ee-7535-4c73-8db6-adf3a7aa9828	3	85385719	87924101	1392	0.1928
9a9ec4ee-7535-4c73-8db6-adf3a7aa9828	3	87926172	96414180	2652	0.1315
9a9ec4ee-7535-4c73-8db6-adf3a7aa9828	3	96414849	99218940	1503	0.2144
9a9ec4ee-7535-4c73-8db6-adf3a7aa9828	3	99225614	99232990	41	0.6669
9a9ec4ee-7535-4c73-8db6-adf3a7aa9828	3	99233548	102049214	1589	0.2231
9a9ec4ee-7535-4c73-8db6-adf3a7aa9828	3	102053489	108273003	3862	0.261
9a9ec4ee-7535-4c73-8db6-adf3a7aa9828	3	108276384	125950205	10849	0.2104
9a9ec4ee-7535-4c73-8db6-adf3a7aa9828	3	125954540	125957120	3	-3.1113
9a9ec4ee-7535-4c73-8db6-adf3a7aa9828	3	125961657	128831026	1851	0.1507
9a9ec4ee-7535-4c73-8db6-adf3a7aa9828	3	128835119	134525772	3450	0.2013
9a9ec4ee-7535-4c73-8db6-adf3a7aa9828	3	134528174	137309116	1599	0.1615
9a9ec4ee-7535-4c73-8db6-adf3a7aa9828	3	137309118	137309121	3	-1.0166
9a9ec4ee-7535-4c73-8db6-adf3a7aa9828	3	137311987	138065980	437	0.1676
9a9ec4ee-7535-4c73-8db6-adf3a7aa9828	3	138068440	138119191	39	-0.1066
9a9ec4ee-7535-4c73-8db6-adf3a7aa9828	3	138119302	140758814	1722	0.1572
9a9ec4ee-7535-4c73-8db6-adf3a7aa9828	3	140758967	153289471	7827	0.2272
9a9ec4ee-7535-4c73-8db6-adf3a7aa9828	3	153292085	156548181	1919	0.1557
9a9ec4ee-7535-4c73-8db6-adf3a7aa9828	3	156548217	162794951	3822	0.2162
9a9ec4ee-7535-4c73-8db6-adf3a7aa9828	3	162795304	162807070	10	0.9292
9a9ec4ee-7535-4c73-8db6-adf3a7aa9828	3	162810842	162822221	8	-0.6198
9a9ec4ee-7535-4c73-8db6-adf3a7aa9828	3	162822685	162822702	2	-2.5808
9a9ec4ee-7535-4c73-8db6-adf3a7aa9828	3	162827928	162960762	93	0.4213
9a9ec4ee-7535-4c73-8db6-adf3a7aa9828	3	162960775	163941168	535	0.1929
9a9ec4ee-7535-4c73-8db6-adf3a7aa9828	3	163941170	163941173	2	1.9277
9a9ec4ee-7535-4c73-8db6-adf3a7aa9828	3	163941185	170846447	4019	0.2016
9a9ec4ee-7535-4c73-8db6-adf3a7aa9828	3	170847685	178981895	5284	0.2506
9a9ec4ee-7535-4c73-8db6-adf3a7aa9828	3	178982387	183480900	2602	0.1564
9a9ec4ee-7535-4c73-8db6-adf3a7aa9828	3	183481540	184036241	303	-0.006
9a9ec4ee-7535-4c73-8db6-adf3a7aa9828	3	184036257	186227824	1267	0.1704
9a9ec4ee-7535-4c73-8db6-adf3a7aa9828	3	186229564	191521538	3952	0.2389
9a9ec4ee-7535-4c73-8db6-adf3a7aa9828	3	191526497	193160256	1161	0.156
9a9ec4ee-7535-4c73-8db6-adf3a7aa9828	3	193160406	193165114	17	-1.3163
9a9ec4ee-7535-4c73-8db6-adf3a7aa9828	3	193168646	195559056	1483	0.1627
9a9ec4ee-7535-4c73-8db6-adf3a7aa9828	3	195656271	195720051	25	0.5551
9a9ec4ee-7535-4c73-8db6-adf3a7aa9828	3	195728637	198111566	1166	0.1488
9a9ec4ee-7535-4c73-8db6-adf3a7aa9828	3	198118345	198125948	12	-0.6218
9a9ec4ee-7535-4c73-8db6-adf3a7aa9828	3	198142659	198169247	5	0.2842
9a9ec4ee-7535-4c73-8db6-adf3a7aa9828	4	68929	648206	230	0.0778
9a9ec4ee-7535-4c73-8db6-adf3a7aa9828	4	657005	986840	116	-0.1054
9a9ec4ee-7535-4c73-8db6-adf3a7aa9828	4	1008337	3704679	1152	0.1624
9a9ec4ee-7535-4c73-8db6-adf3a7aa9828	4	3705058	6617464	2155	0.0821
9a9ec4ee-7535-4c73-8db6-adf3a7aa9828	4	6617477	9455251	1500	0.153
9a9ec4ee-7535-4c73-8db6-adf3a7aa9828	4	9459504	9575821	30	-0.299
9a9ec4ee-7535-4c73-8db6-adf3a7aa9828	4	9577703	10390730	721	0.1635
9a9ec4ee-7535-4c73-8db6-adf3a7aa9828	4	10391530	10399044	15	-0.4771
9a9ec4ee-7535-4c73-8db6-adf3a7aa9828	4	10401094	13501532	2464	0.1357
9a9ec4ee-7535-4c73-8db6-adf3a7aa9828	4	13504983	17387498	2986	0.1911
9a9ec4ee-7535-4c73-8db6-adf3a7aa9828	4	17387584	22263374	3265	0.1411
9a9ec4ee-7535-4c73-8db6-adf3a7aa9828	4	22264480	34768684	8057	0.2084
9a9ec4ee-7535-4c73-8db6-adf3a7aa9828	4	34771893	34828250	47	-0.3926
9a9ec4ee-7535-4c73-8db6-adf3a7aa9828	4	34828291	41724817	4599	0.2017
9a9ec4ee-7535-4c73-8db6-adf3a7aa9828	4	41727211	59469407	9440	0.1541
9a9ec4ee-7535-4c73-8db6-adf3a7aa9828	4	59470833	61071220	1010	0.2176
9a9ec4ee-7535-4c73-8db6-adf3a7aa9828	4	61075217	61076234	2	-2.9923
9a9ec4ee-7535-4c73-8db6-adf3a7aa9828	4	61079968	63439611	1264	0.2308
9a9ec4ee-7535-4c73-8db6-adf3a7aa9828	4	63440083	68800252	3260	0.1532
9a9ec4ee-7535-4c73-8db6-adf3a7aa9828	4	68800525	69266652	265	0.2021
9a9ec4ee-7535-4c73-8db6-adf3a7aa9828	4	69268962	69366406	48	-0.3103
9a9ec4ee-7535-4c73-8db6-adf3a7aa9828	4	69370433	76368633	4255	0.1768
9a9ec4ee-7535-4c73-8db6-adf3a7aa9828	4	76370923	76371648	5	-0.9392
9a9ec4ee-7535-4c73-8db6-adf3a7aa9828	4	76372158	86055306	6175	0.1765
9a9ec4ee-7535-4c73-8db6-adf3a7aa9828	4	86055376	86058229	12	-0.717
9a9ec4ee-7535-4c73-8db6-adf3a7aa9828	4	86058415	100205871	8340	0.1821
9a9ec4ee-7535-4c73-8db6-adf3a7aa9828	4	100205924	100280159	51	0.3309
9a9ec4ee-7535-4c73-8db6-adf3a7aa9828	4	100282178	112823084	7435	0.2032
9a9ec4ee-7535-4c73-8db6-adf3a7aa9828	4	112823226	114252544	1036	0.2663
9a9ec4ee-7535-4c73-8db6-adf3a7aa9828	4	114254167	114263096	25	0.8966
9a9ec4ee-7535-4c73-8db6-adf3a7aa9828	4	114263110	124397134	5992	0.2069
9a9ec4ee-7535-4c73-8db6-adf3a7aa9828	4	124397143	127607462	1990	0.2676
9a9ec4ee-7535-4c73-8db6-adf3a7aa9828	4	127614715	135729670	4417	0.1814
9a9ec4ee-7535-4c73-8db6-adf3a7aa9828	4	135730089	138868300	2063	0.2623
9a9ec4ee-7535-4c73-8db6-adf3a7aa9828	4	138868444	150651326	6974	0.1999
9a9ec4ee-7535-4c73-8db6-adf3a7aa9828	4	150652208	151868634	624	0.1614
9a9ec4ee-7535-4c73-8db6-adf3a7aa9828	4	151870381	151871415	12	-1.4979
9a9ec4ee-7535-4c73-8db6-adf3a7aa9828	4	151871739	156035480	2788	0.2062
9a9ec4ee-7535-4c73-8db6-adf3a7aa9828	4	156046823	156050863	15	-0.4532
9a9ec4ee-7535-4c73-8db6-adf3a7aa9828	4	156052053	157640195	994	0.2735
9a9ec4ee-7535-4c73-8db6-adf3a7aa9828	4	157640336	157640387	2	-0.8829
9a9ec4ee-7535-4c73-8db6-adf3a7aa9828	4	157640571	158588854	564	0.2569
9a9ec4ee-7535-4c73-8db6-adf3a7aa9828	4	158589715	165239873	4303	0.1651
9a9ec4ee-7535-4c73-8db6-adf3a7aa9828	4	165240276	171448195	3881	0.2189
9a9ec4ee-7535-4c73-8db6-adf3a7aa9828	4	171453733	171456559	10	1.6421
9a9ec4ee-7535-4c73-8db6-adf3a7aa9828	4	171456573	172066777	399	0.1915
9a9ec4ee-7535-4c73-8db6-adf3a7aa9828	4	172067997	172068382	12	-1.3901
9a9ec4ee-7535-4c73-8db6-adf3a7aa9828	4	172074828	177400252	3179	0.1912
9a9ec4ee-7535-4c73-8db6-adf3a7aa9828	4	177400264	177870213	314	0.0838
9a9ec4ee-7535-4c73-8db6-adf3a7aa9828	4	177875803	187809875	7146	0.1426
9a9ec4ee-7535-4c73-8db6-adf3a7aa9828	4	187811933	190106768	1436	0.0502
9a9ec4ee-7535-4c73-8db6-adf3a7aa9828	5	15532	685633	306	0.7502
9a9ec4ee-7535-4c73-8db6-adf3a7aa9828	5	698256	773453	27	-0.8747
9a9ec4ee-7535-4c73-8db6-adf3a7aa9828	5	779766	905586	39	0.5713
9a9ec4ee-7535-4c73-8db6-adf3a7aa9828	5	905757	1134719	80	0.9254
9a9ec4ee-7535-4c73-8db6-adf3a7aa9828	5	1136190	1288500	123	0.6014
9a9ec4ee-7535-4c73-8db6-adf3a7aa9828	5	1288546	1457202	91	0.9421
9a9ec4ee-7535-4c73-8db6-adf3a7aa9828	5	1457226	1869823	251	0.7887
9a9ec4ee-7535-4c73-8db6-adf3a7aa9828	5	1871766	7845097	5320	0.9179
9a9ec4ee-7535-4c73-8db6-adf3a7aa9828	5	7847188	16481056	6457	0.9995
9a9ec4ee-7535-4c73-8db6-adf3a7aa9828	5	16484070	32106978	9572	0.9654
9a9ec4ee-7535-4c73-8db6-adf3a7aa9828	5	32109483	32158349	39	1.4879
9a9ec4ee-7535-4c73-8db6-adf3a7aa9828	5	32170181	37604855	3424	0.9726
9a9ec4ee-7535-4c73-8db6-adf3a7aa9828	5	37607956	40963768	2395	1.0338
9a9ec4ee-7535-4c73-8db6-adf3a7aa9828	5	40964455	40964493	2	-0.6631
9a9ec4ee-7535-4c73-8db6-adf3a7aa9828	5	40964750	46246469	2530	1.0172
9a9ec4ee-7535-4c73-8db6-adf3a7aa9828	5	46246478	46389171	31	0.8014
9a9ec4ee-7535-4c73-8db6-adf3a7aa9828	5	50146124	58037128	5083	0.2011
9a9ec4ee-7535-4c73-8db6-adf3a7aa9828	5	58037466	58037688	2	-1.8391
9a9ec4ee-7535-4c73-8db6-adf3a7aa9828	5	58037706	61739623	2480	0.2059
9a9ec4ee-7535-4c73-8db6-adf3a7aa9828	5	61739763	63112572	859	0.1364
9a9ec4ee-7535-4c73-8db6-adf3a7aa9828	5	63115522	74598284	6160	0.2267
9a9ec4ee-7535-4c73-8db6-adf3a7aa9828	5	74598319	81353054	4284	0.1895
9a9ec4ee-7535-4c73-8db6-adf3a7aa9828	5	81353091	99954635	10408	0.2301
9a9ec4ee-7535-4c73-8db6-adf3a7aa9828	5	99955327	106575707	3864	0.1657
9a9ec4ee-7535-4c73-8db6-adf3a7aa9828	5	106578393	108572694	1426	0.2099
9a9ec4ee-7535-4c73-8db6-adf3a7aa9828	5	108578866	111565528	1834	0.2584
9a9ec4ee-7535-4c73-8db6-adf3a7aa9828	5	111573675	121142170	6895	0.1928
9a9ec4ee-7535-4c73-8db6-adf3a7aa9828	5	121142250	121148340	3	-1.1671
9a9ec4ee-7535-4c73-8db6-adf3a7aa9828	5	121149029	122454566	845	0.172
9a9ec4ee-7535-4c73-8db6-adf3a7aa9828	5	122457782	130528970	5087	0.2372
9a9ec4ee-7535-4c73-8db6-adf3a7aa9828	5	130529082	138469139	4818	0.1894
9a9ec4ee-7535-4c73-8db6-adf3a7aa9828	5	138469431	138481105	20	-0.6939
9a9ec4ee-7535-4c73-8db6-adf3a7aa9828	5	138481268	156048095	11263	0.1854
9a9ec4ee-7535-4c73-8db6-adf3a7aa9828	5	156049762	156055719	14	-2.024
9a9ec4ee-7535-4c73-8db6-adf3a7aa9828	5	156068240	159328952	2253	0.2253
9a9ec4ee-7535-4c73-8db6-adf3a7aa9828	5	159329053	163539997	2742	0.1762
9a9ec4ee-7535-4c73-8db6-adf3a7aa9828	5	163540412	165397333	1154	0.2317
9a9ec4ee-7535-4c73-8db6-adf3a7aa9828	5	165400059	174041922	6447	0.1609
9a9ec4ee-7535-4c73-8db6-adf3a7aa9828	5	174042121	176623510	1721	0.1217
9a9ec4ee-7535-4c73-8db6-adf3a7aa9828	5	176623714	176882853	132	-0.0805
9a9ec4ee-7535-4c73-8db6-adf3a7aa9828	5	176883197	181363319	2338	0.1083
9a9ec4ee-7535-4c73-8db6-adf3a7aa9828	6	149661	524210	318	-0.054
9a9ec4ee-7535-4c73-8db6-adf3a7aa9828	6	525492	6618316	5087	0.1733
9a9ec4ee-7535-4c73-8db6-adf3a7aa9828	6	6618531	11161175	3361	0.1255
9a9ec4ee-7535-4c73-8db6-adf3a7aa9828	6	11161993	15483663	3286	0.1757
9a9ec4ee-7535-4c73-8db6-adf3a7aa9828	6	15484502	15531035	50	-0.0777
9a9ec4ee-7535-4c73-8db6-adf3a7aa9828	6	15531373	16055795	424	0.1511
9a9ec4ee-7535-4c73-8db6-adf3a7aa9828	6	16056081	18284485	1615	0.212
9a9ec4ee-7535-4c73-8db6-adf3a7aa9828	6	18286379	18292792	2	-1.8353
9a9ec4ee-7535-4c73-8db6-adf3a7aa9828	6	18293160	20027509	1373	0.2216
9a9ec4ee-7535-4c73-8db6-adf3a7aa9828	6	20029880	22182602	1475	0.1686
9a9ec4ee-7535-4c73-8db6-adf3a7aa9828	6	22186265	23946331	1371	0.2531
9a9ec4ee-7535-4c73-8db6-adf3a7aa9828	6	23947385	31309909	3959	0.1724
9a9ec4ee-7535-4c73-8db6-adf3a7aa9828	6	31313046	31328674	12	1.1021
9a9ec4ee-7535-4c73-8db6-adf3a7aa9828	6	31342147	32460338	486	0.1124
9a9ec4ee-7535-4c73-8db6-adf3a7aa9828	6	32461817	32463515	11	-0.0992
9a9ec4ee-7535-4c73-8db6-adf3a7aa9828	6	32463775	32602269	32	1.5747
9a9ec4ee-7535-4c73-8db6-adf3a7aa9828	6	32602588	32722250	77	0.4033
9a9ec4ee-7535-4c73-8db6-adf3a7aa9828	6	32723020	32723035	2	2.8184
9a9ec4ee-7535-4c73-8db6-adf3a7aa9828	6	32723053	39218967	4032	0.1828
9a9ec4ee-7535-4c73-8db6-adf3a7aa9828	6	39219122	41213090	1517	0.1119
9a9ec4ee-7535-4c73-8db6-adf3a7aa9828	6	41213730	48963228	4788	0.1752
9a9ec4ee-7535-4c73-8db6-adf3a7aa9828	6	48964092	48967563	4	-2.2609
9a9ec4ee-7535-4c73-8db6-adf3a7aa9828	6	48978926	54066353	3302	0.154
9a9ec4ee-7535-4c73-8db6-adf3a7aa9828	6	54066432	54067057	6	-1.5847
9a9ec4ee-7535-4c73-8db6-adf3a7aa9828	6	54070550	56630072	1634	0.2057
9a9ec4ee-7535-4c73-8db6-adf3a7aa9828	6	56630444	64618074	2577	0.1709
9a9ec4ee-7535-4c73-8db6-adf3a7aa9828	6	64618227	75677600	7279	0.2263
9a9ec4ee-7535-4c73-8db6-adf3a7aa9828	6	75680361	75787256	51	-0.6758
9a9ec4ee-7535-4c73-8db6-adf3a7aa9828	6	75796773	76726815	616	0.2012
9a9ec4ee-7535-4c73-8db6-adf3a7aa9828	6	76730151	76758214	23	-0.4996
9a9ec4ee-7535-4c73-8db6-adf3a7aa9828	6	76758749	78252576	970	0.2099
9a9ec4ee-7535-4c73-8db6-adf3a7aa9828	6	78252864	78317255	105	-0.244
9a9ec4ee-7535-4c73-8db6-adf3a7aa9828	6	78317411	78336185	19	0.0291
9a9ec4ee-7535-4c73-8db6-adf3a7aa9828	6	78336944	82878794	2933	0.2337
9a9ec4ee-7535-4c73-8db6-adf3a7aa9828	6	82879385	84201699	762	0.1625
9a9ec4ee-7535-4c73-8db6-adf3a7aa9828	6	84202478	86266491	1249	0.2296
9a9ec4ee-7535-4c73-8db6-adf3a7aa9828	6	86266794	103286954	10514	0.1757
9a9ec4ee-7535-4c73-8db6-adf3a7aa9828	6	103290101	103314186	46	-1.2667
9a9ec4ee-7535-4c73-8db6-adf3a7aa9828	6	103317795	107292605	2493	0.1486
9a9ec4ee-7535-4c73-8db6-adf3a7aa9828	6	107293060	133945130	16574	0.2216
9a9ec4ee-7535-4c73-8db6-adf3a7aa9828	6	133947933	133948494	2	-2.0491
9a9ec4ee-7535-4c73-8db6-adf3a7aa9828	6	133950934	134466725	363	0.1792
9a9ec4ee-7535-4c73-8db6-adf3a7aa9828	6	134467819	136639140	1499	0.2508
9a9ec4ee-7535-4c73-8db6-adf3a7aa9828	6	136639243	138763719	1489	0.1834
9a9ec4ee-7535-4c73-8db6-adf3a7aa9828	6	138764480	144767978	3617	0.2519
9a9ec4ee-7535-4c73-8db6-adf3a7aa9828	6	144768015	161434753	11433	0.2088
9a9ec4ee-7535-4c73-8db6-adf3a7aa9828	6	161435061	167144681	4551	0.1579
9a9ec4ee-7535-4c73-8db6-adf3a7aa9828	6	167145161	168406108	597	-0.0076
9a9ec4ee-7535-4c73-8db6-adf3a7aa9828	6	168408392	168870185	353	0.1401
9a9ec4ee-7535-4c73-8db6-adf3a7aa9828	6	168870862	168871190	4	-0.8766
9a9ec4ee-7535-4c73-8db6-adf3a7aa9828	6	168875233	169811787	789	0.1582
9a9ec4ee-7535-4c73-8db6-adf3a7aa9828	6	169829867	170200899	127	-0.0924
9a9ec4ee-7535-4c73-8db6-adf3a7aa9828	6	170202682	170741917	257	0.0978
9a9ec4ee-7535-4c73-8db6-adf3a7aa9828	7	43355	1123112	299	-1.0292
9a9ec4ee-7535-4c73-8db6-adf3a7aa9828	7	1124056	2042675	288	-0.7543
9a9ec4ee-7535-4c73-8db6-adf3a7aa9828	7	2042800	2094981	28	-1.1329
9a9ec4ee-7535-4c73-8db6-adf3a7aa9828	7	2095535	2099126	2	-3.6238
9a9ec4ee-7535-4c73-8db6-adf3a7aa9828	7	2099155	4131356	1436	-0.8193
9a9ec4ee-7535-4c73-8db6-adf3a7aa9828	7	4132259	4242709	89	-1.2114
9a9ec4ee-7535-4c73-8db6-adf3a7aa9828	7	4243424	4890647	449	-0.7714
9a9ec4ee-7535-4c73-8db6-adf3a7aa9828	7	4893818	9135141	2758	-0.7199
9a9ec4ee-7535-4c73-8db6-adf3a7aa9828	7	9138746	9138993	4	-2.6242
9a9ec4ee-7535-4c73-8db6-adf3a7aa9828	7	9139659	15319729	4888	-0.7285
9a9ec4ee-7535-4c73-8db6-adf3a7aa9828	7	15319842	15321441	2	-2.9826
9a9ec4ee-7535-4c73-8db6-adf3a7aa9828	7	15321574	17422597	1666	-0.7334
9a9ec4ee-7535-4c73-8db6-adf3a7aa9828	7	17423247	19675865	2000	-0.6438
9a9ec4ee-7535-4c73-8db6-adf3a7aa9828	7	19678814	47024187	19116	-0.7184
9a9ec4ee-7535-4c73-8db6-adf3a7aa9828	7	47024843	54318816	5289	-0.7705
9a9ec4ee-7535-4c73-8db6-adf3a7aa9828	7	54318817	54318824	4	-2.537
9a9ec4ee-7535-4c73-8db6-adf3a7aa9828	7	54325795	62260973	2052	-0.7583
9a9ec4ee-7535-4c73-8db6-adf3a7aa9828	7	62265500	76673986	6257	0.1361
9a9ec4ee-7535-4c73-8db6-adf3a7aa9828	7	76678531	82471102	3879	0.2339
9a9ec4ee-7535-4c73-8db6-adf3a7aa9828	7	82472600	82791731	198	0.1623
9a9ec4ee-7535-4c73-8db6-adf3a7aa9828	7	82796671	98703229	9874	-0.6875
9a9ec4ee-7535-4c73-8db6-adf3a7aa9828	7	98705972	99035807	158	-0.9468
9a9ec4ee-7535-4c73-8db6-adf3a7aa9828	7	99036047	109793741	5952	-0.7049
9a9ec4ee-7535-4c73-8db6-adf3a7aa9828	7	109797035	109813853	35	-0.054
9a9ec4ee-7535-4c73-8db6-adf3a7aa9828	7	109813925	119163417	5689	-0.6637
9a9ec4ee-7535-4c73-8db6-adf3a7aa9828	7	119168870	119169842	2	-3.4373
9a9ec4ee-7535-4c73-8db6-adf3a7aa9828	7	119174298	134100424	9003	-0.7138
9a9ec4ee-7535-4c73-8db6-adf3a7aa9828	7	134100442	134102334	14	-2.1829
9a9ec4ee-7535-4c73-8db6-adf3a7aa9828	7	134104128	134105690	9	-1.2101
9a9ec4ee-7535-4c73-8db6-adf3a7aa9828	7	134110881	142070732	5186	-0.7281
9a9ec4ee-7535-4c73-8db6-adf3a7aa9828	7	142070827	142087828	17	-3.3809
9a9ec4ee-7535-4c73-8db6-adf3a7aa9828	7	142087846	153249518	6567	-0.7549
9a9ec4ee-7535-4c73-8db6-adf3a7aa9828	7	153252145	159162548	4113	-0.8666
9a9ec4ee-7535-4c73-8db6-adf3a7aa9828	7	159165243	159334314	108	-0.7095
9a9ec4ee-7535-4c73-8db6-adf3a7aa9828	8	81254	2603316	1787	0.0203
9a9ec4ee-7535-4c73-8db6-adf3a7aa9828	8	2605071	4895355	3136	0.1143
9a9ec4ee-7535-4c73-8db6-adf3a7aa9828	8	4897255	57404025	34930	0.1595
9a9ec4ee-7535-4c73-8db6-adf3a7aa9828	8	57407282	59942774	1726	0.2283
9a9ec4ee-7535-4c73-8db6-adf3a7aa9828	8	59943194	67783496	4643	0.168
9a9ec4ee-7535-4c73-8db6-adf3a7aa9828	8	67786150	72710031	3201	0.2396
9a9ec4ee-7535-4c73-8db6-adf3a7aa9828	8	72710571	72712332	10	-0.1149
9a9ec4ee-7535-4c73-8db6-adf3a7aa9828	8	72712418	74215246	1043	0.1735
9a9ec4ee-7535-4c73-8db6-adf3a7aa9828	8	74215475	82850587	5089	0.2104
9a9ec4ee-7535-4c73-8db6-adf3a7aa9828	8	82850932	87058257	2292	0.1619
9a9ec4ee-7535-4c73-8db6-adf3a7aa9828	8	87058266	87064660	3	-1.8044
9a9ec4ee-7535-4c73-8db6-adf3a7aa9828	8	87076129	90076599	1783	0.1649
9a9ec4ee-7535-4c73-8db6-adf3a7aa9828	8	90076760	109120838	11710	0.2228
9a9ec4ee-7535-4c73-8db6-adf3a7aa9828	8	109121208	110136636	566	0.1859
9a9ec4ee-7535-4c73-8db6-adf3a7aa9828	8	110137390	110137982	2	-2.2632
9a9ec4ee-7535-4c73-8db6-adf3a7aa9828	8	110141933	134828636	17006	0.1976
9a9ec4ee-7535-4c73-8db6-adf3a7aa9828	8	134829721	136794531	1439	0.1531
9a9ec4ee-7535-4c73-8db6-adf3a7aa9828	8	136794622	136832890	57	0.0219
9a9ec4ee-7535-4c73-8db6-adf3a7aa9828	8	136832902	136837948	10	-0.4463
9a9ec4ee-7535-4c73-8db6-adf3a7aa9828	8	136837990	137967968	904	0.1342
9a9ec4ee-7535-4c73-8db6-adf3a7aa9828	8	137968657	138897968	808	0.0717
9a9ec4ee-7535-4c73-8db6-adf3a7aa9828	8	138898354	140468612	1240	0.1554
9a9ec4ee-7535-4c73-8db6-adf3a7aa9828	8	140472148	140520764	19	-0.6735
9a9ec4ee-7535-4c73-8db6-adf3a7aa9828	8	140524099	141345643	469	0.1106
9a9ec4ee-7535-4c73-8db6-adf3a7aa9828	8	141348766	142407360	613	-0.0912
9a9ec4ee-7535-4c73-8db6-adf3a7aa9828	8	142407652	142609472	71	0.1366
9a9ec4ee-7535-4c73-8db6-adf3a7aa9828	8	142610477	142824911	79	-0.0399
9a9ec4ee-7535-4c73-8db6-adf3a7aa9828	8	142824942	143209006	157	0.1367
9a9ec4ee-7535-4c73-8db6-adf3a7aa9828	8	143217232	143227655	8	-0.5181
9a9ec4ee-7535-4c73-8db6-adf3a7aa9828	8	143227769	144170750	279	0.1755
9a9ec4ee-7535-4c73-8db6-adf3a7aa9828	8	144177490	144924001	274	-0.0306
9a9ec4ee-7535-4c73-8db6-adf3a7aa9828	8	144924090	145072769	84	0.1046
9a9ec4ee-7535-4c73-8db6-adf3a7aa9828	9	46587	359203	211	-0.3927
9a9ec4ee-7535-4c73-8db6-adf3a7aa9828	9	360394	1071814	823	-0.5328
9a9ec4ee-7535-4c73-8db6-adf3a7aa9828	9	1073114	5302749	4385	-0.4227
9a9ec4ee-7535-4c73-8db6-adf3a7aa9828	9	5311567	5337707	11	-2.1754
9a9ec4ee-7535-4c73-8db6-adf3a7aa9828	9	5340984	8951425	3135	-0.444
9a9ec4ee-7535-4c73-8db6-adf3a7aa9828	9	8951749	23380447	11841	-0.405
9a9ec4ee-7535-4c73-8db6-adf3a7aa9828	9	23380836	25455762	1513	-0.4655
9a9ec4ee-7535-4c73-8db6-adf3a7aa9828	9	25463623	63580418	9489	0.1579
9a9ec4ee-7535-4c73-8db6-adf3a7aa9828	9	63590317	63592813	7	1.5271
9a9ec4ee-7535-4c73-8db6-adf3a7aa9828	9	63614182	72819058	3473	0.1393
9a9ec4ee-7535-4c73-8db6-adf3a7aa9828	9	72821769	76417822	2508	0.2007
9a9ec4ee-7535-4c73-8db6-adf3a7aa9828	9	76418281	76535422	112	0.1048
9a9ec4ee-7535-4c73-8db6-adf3a7aa9828	9	76535746	76545547	13	-0.8778
9a9ec4ee-7535-4c73-8db6-adf3a7aa9828	9	76548592	90784631	10190	0.1594
9a9ec4ee-7535-4c73-8db6-adf3a7aa9828	9	90790840	90909978	140	-0.011
9a9ec4ee-7535-4c73-8db6-adf3a7aa9828	9	90912734	93707815	1792	0.1361
9a9ec4ee-7535-4c73-8db6-adf3a7aa9828	9	93708429	93708675	2	-3.1607
9a9ec4ee-7535-4c73-8db6-adf3a7aa9828	9	93710664	109465238	11087	0.1426
9a9ec4ee-7535-4c73-8db6-adf3a7aa9828	9	109465249	116258767	5076	0.1817
9a9ec4ee-7535-4c73-8db6-adf3a7aa9828	9	116260034	131671835	10215	0.1381
9a9ec4ee-7535-4c73-8db6-adf3a7aa9828	9	131673775	135289634	2287	0.0896
9a9ec4ee-7535-4c73-8db6-adf3a7aa9828	9	135294643	135335019	39	-0.3783
9a9ec4ee-7535-4c73-8db6-adf3a7aa9828	9	135335157	135459768	78	-0.0245
9a9ec4ee-7535-4c73-8db6-adf3a7aa9828	9	135464298	137862373	805	0.1191
9a9ec4ee-7535-4c73-8db6-adf3a7aa9828	9	137864936	138180185	197	-0.0286
9a9ec4ee-7535-4c73-8db6-adf3a7aa9828	9	138180377	138200944	4	-0.3904
9a9ec4ee-7535-4c73-8db6-adf3a7aa9828	10	45792	3265179	2666	-0.8409
9a9ec4ee-7535-4c73-8db6-adf3a7aa9828	10	3265264	5475688	1979	-0.6821
9a9ec4ee-7535-4c73-8db6-adf3a7aa9828	10	5484195	12462070	5690	-0.7862
9a9ec4ee-7535-4c73-8db6-adf3a7aa9828	10	12469909	24088746	8796	0.17
9a9ec4ee-7535-4c73-8db6-adf3a7aa9828	10	24088747	24089125	9	-2.5654
9a9ec4ee-7535-4c73-8db6-adf3a7aa9828	10	24089979	26967506	2020	0.1442
9a9ec4ee-7535-4c73-8db6-adf3a7aa9828	10	26967533	36375286	6619	0.2063
9a9ec4ee-7535-4c73-8db6-adf3a7aa9828	10	36377497	43715152	2179	0.1204
9a9ec4ee-7535-4c73-8db6-adf3a7aa9828	10	43726843	44992854	1027	0.1967
9a9ec4ee-7535-4c73-8db6-adf3a7aa9828	10	44994668	46229240	483	0.1302
9a9ec4ee-7535-4c73-8db6-adf3a7aa9828	10	46231401	47076655	208	-0.0997
9a9ec4ee-7535-4c73-8db6-adf3a7aa9828	10	47078630	47282899	163	0.1465
9a9ec4ee-7535-4c73-8db6-adf3a7aa9828	10	47283186	47622159	110	-0.0462
9a9ec4ee-7535-4c73-8db6-adf3a7aa9828	10	47627616	54920517	5034	0.1468
9a9ec4ee-7535-4c73-8db6-adf3a7aa9828	10	54923330	54924277	2	-2.6543
9a9ec4ee-7535-4c73-8db6-adf3a7aa9828	10	54927534	55261861	190	0.1049
9a9ec4ee-7535-4c73-8db6-adf3a7aa9828	10	55265163	70673754	10674	0.199
9a9ec4ee-7535-4c73-8db6-adf3a7aa9828	10	70677868	70767774	90	-0.0296
9a9ec4ee-7535-4c73-8db6-adf3a7aa9828	10	70767845	79833229	5689	0.1937
9a9ec4ee-7535-4c73-8db6-adf3a7aa9828	10	79833727	83187390	2422	0.1375
9a9ec4ee-7535-4c73-8db6-adf3a7aa9828	10	83187666	83187966	3	-0.981
9a9ec4ee-7535-4c73-8db6-adf3a7aa9828	10	83188127	86554021	2463	0.1374
9a9ec4ee-7535-4c73-8db6-adf3a7aa9828	10	86554308	87269486	296	0.1863
9a9ec4ee-7535-4c73-8db6-adf3a7aa9828	10	87278584	87310039	3	1.7458
9a9ec4ee-7535-4c73-8db6-adf3a7aa9828	10	87310988	87406076	19	-0.0904
9a9ec4ee-7535-4c73-8db6-adf3a7aa9828	10	87406711	89190337	1369	0.245
9a9ec4ee-7535-4c73-8db6-adf3a7aa9828	10	89190649	89409052	195	0.1443
9a9ec4ee-7535-4c73-8db6-adf3a7aa9828	10	89410654	93753651	2723	0.2037
9a9ec4ee-7535-4c73-8db6-adf3a7aa9828	10	93754184	107338691	8413	0.1622
9a9ec4ee-7535-4c73-8db6-adf3a7aa9828	10	107339114	115853481	5995	0.1981
9a9ec4ee-7535-4c73-8db6-adf3a7aa9828	10	115856500	121480773	4196	0.1604
9a9ec4ee-7535-4c73-8db6-adf3a7aa9828	10	121480805	122468703	874	0.133
9a9ec4ee-7535-4c73-8db6-adf3a7aa9828	10	122470997	122471425	3	-1.7361
9a9ec4ee-7535-4c73-8db6-adf3a7aa9828	10	122475364	130160539	5734	0.1289
9a9ec4ee-7535-4c73-8db6-adf3a7aa9828	10	130161087	131914424	1429	0.0066
9a9ec4ee-7535-4c73-8db6-adf3a7aa9828	10	131914565	132744709	428	0.1196
9a9ec4ee-7535-4c73-8db6-adf3a7aa9828	10	132747092	133654968	390	-0.0276
9a9ec4ee-7535-4c73-8db6-adf3a7aa9828	11	198510	4949137	2417	-0.4864
9a9ec4ee-7535-4c73-8db6-adf3a7aa9828	11	4950775	4954475	21	-2.0857
9a9ec4ee-7535-4c73-8db6-adf3a7aa9828	11	4955027	5535157	593	-0.4318
9a9ec4ee-7535-4c73-8db6-adf3a7aa9828	11	5539679	5766175	194	0.1419
9a9ec4ee-7535-4c73-8db6-adf3a7aa9828	11	5766850	5787909	32	-0.5633
9a9ec4ee-7535-4c73-8db6-adf3a7aa9828	11	5788108	13193308	5697	0.1925
9a9ec4ee-7535-4c73-8db6-adf3a7aa9828	11	13193987	24465983	8147	0.1662
9a9ec4ee-7535-4c73-8db6-adf3a7aa9828	11	24467292	37004192	8943	0.1975
9a9ec4ee-7535-4c73-8db6-adf3a7aa9828	11	37006409	37115162	108	0.3835
9a9ec4ee-7535-4c73-8db6-adf3a7aa9828	11	37115355	38642340	948	0.1928
9a9ec4ee-7535-4c73-8db6-adf3a7aa9828	11	38646216	39261279	331	0.1509
9a9ec4ee-7535-4c73-8db6-adf3a7aa9828	11	39263289	41748636	1718	0.1008
9a9ec4ee-7535-4c73-8db6-adf3a7aa9828	11	41753259	55593955	5311	0.1747
9a9ec4ee-7535-4c73-8db6-adf3a7aa9828	11	55595864	55685533	60	0.6076
9a9ec4ee-7535-4c73-8db6-adf3a7aa9828	11	55686100	71827957	8360	0.1428
9a9ec4ee-7535-4c73-8db6-adf3a7aa9828	11	71832662	81634173	6064	0.1747
9a9ec4ee-7535-4c73-8db6-adf3a7aa9828	11	81635224	86982882	3592	0.2021
9a9ec4ee-7535-4c73-8db6-adf3a7aa9828	11	86986618	86993054	5	-0.7672
9a9ec4ee-7535-4c73-8db6-adf3a7aa9828	11	86997586	89355939	1606	0.2244
9a9ec4ee-7535-4c73-8db6-adf3a7aa9828	11	89361402	90757695	710	0.1518
9a9ec4ee-7535-4c73-8db6-adf3a7aa9828	11	90758072	97269180	4717	0.2281
9a9ec4ee-7535-4c73-8db6-adf3a7aa9828	11	97269198	107367930	7279	0.1705
9a9ec4ee-7535-4c73-8db6-adf3a7aa9828	11	107367945	107368040	2	-1.5788
9a9ec4ee-7535-4c73-8db6-adf3a7aa9828	11	107368066	108632945	763	0.169
9a9ec4ee-7535-4c73-8db6-adf3a7aa9828	11	108638050	113253910	3016	0.2279
9a9ec4ee-7535-4c73-8db6-adf3a7aa9828	11	113253996	125205483	8572	0.1671
9a9ec4ee-7535-4c73-8db6-adf3a7aa9828	11	125205555	125213808	27	-0.9685
9a9ec4ee-7535-4c73-8db6-adf3a7aa9828	11	125218374	134314821	6934	0.151
9a9ec4ee-7535-4c73-8db6-adf3a7aa9828	11	134322606	135068576	602	0.0223
9a9ec4ee-7535-4c73-8db6-adf3a7aa9828	11	135072732	135074876	2	-0.5517
9a9ec4ee-7535-4c73-8db6-adf3a7aa9828	12	51460	9378651	6116	-0.7724
9a9ec4ee-7535-4c73-8db6-adf3a7aa9828	12	9379821	9477960	27	-0.5703
9a9ec4ee-7535-4c73-8db6-adf3a7aa9828	12	9481274	9582374	26	0.2909
9a9ec4ee-7535-4c73-8db6-adf3a7aa9828	12	9583090	12677103	2261	-0.6548
9a9ec4ee-7535-4c73-8db6-adf3a7aa9828	12	12677781	13293946	425	-0.7798
9a9ec4ee-7535-4c73-8db6-adf3a7aa9828	12	13294851	13410206	145	0.1562
9a9ec4ee-7535-4c73-8db6-adf3a7aa9828	12	13410536	13571372	191	-0.7318
9a9ec4ee-7535-4c73-8db6-adf3a7aa9828	12	13572164	13580795	4	-2.7505
9a9ec4ee-7535-4c73-8db6-adf3a7aa9828	12	13581346	20914439	4626	-0.6818
9a9ec4ee-7535-4c73-8db6-adf3a7aa9828	12	20914456	20926963	15	-3.9479
9a9ec4ee-7535-4c73-8db6-adf3a7aa9828	12	20937609	24747153	2605	-0.6308
9a9ec4ee-7535-4c73-8db6-adf3a7aa9828	12	24753832	24783048	24	0.3652
9a9ec4ee-7535-4c73-8db6-adf3a7aa9828	12	24785847	24905931	111	-0.6164
9a9ec4ee-7535-4c73-8db6-adf3a7aa9828	12	24908840	24960829	46	-1.0077
9a9ec4ee-7535-4c73-8db6-adf3a7aa9828	12	24963698	25115707	175	-0.6137
9a9ec4ee-7535-4c73-8db6-adf3a7aa9828	12	25122563	25229608	108	0.1901
9a9ec4ee-7535-4c73-8db6-adf3a7aa9828	12	25230879	25273522	59	-0.6031
9a9ec4ee-7535-4c73-8db6-adf3a7aa9828	12	25273587	25303305	26	0.2253
9a9ec4ee-7535-4c73-8db6-adf3a7aa9828	12	25308105	27320660	1403	-0.6462
9a9ec4ee-7535-4c73-8db6-adf3a7aa9828	12	27322788	27468484	97	0.1097
9a9ec4ee-7535-4c73-8db6-adf3a7aa9828	12	27473949	28012274	430	-0.6802
9a9ec4ee-7535-4c73-8db6-adf3a7aa9828	12	28017255	28067087	62	0.245
9a9ec4ee-7535-4c73-8db6-adf3a7aa9828	12	28069074	29010695	667	-0.6816
9a9ec4ee-7535-4c73-8db6-adf3a7aa9828	12	29011388	29011589	2	-3.7724
9a9ec4ee-7535-4c73-8db6-adf3a7aa9828	12	29015050	30980851	1596	-0.7447
9a9ec4ee-7535-4c73-8db6-adf3a7aa9828	12	30981367	30983321	5	-2.3748
9a9ec4ee-7535-4c73-8db6-adf3a7aa9828	12	30984205	31085371	64	-0.7417
9a9ec4ee-7535-4c73-8db6-adf3a7aa9828	12	31095328	31533601	240	0.1198
9a9ec4ee-7535-4c73-8db6-adf3a7aa9828	12	31534110	32065416	369	-0.735
9a9ec4ee-7535-4c73-8db6-adf3a7aa9828	12	32065576	32186411	120	0.1976
9a9ec4ee-7535-4c73-8db6-adf3a7aa9828	12	32203904	33921922	1183	-0.7131
9a9ec4ee-7535-4c73-8db6-adf3a7aa9828	12	33925640	39299824	1108	0.1079
9a9ec4ee-7535-4c73-8db6-adf3a7aa9828	12	39302769	42673649	2245	0.192
9a9ec4ee-7535-4c73-8db6-adf3a7aa9828	12	42674456	43435990	514	0.295
9a9ec4ee-7535-4c73-8db6-adf3a7aa9828	12	43436577	45506042	1217	0.1891
9a9ec4ee-7535-4c73-8db6-adf3a7aa9828	12	45510655	45515754	4	1.5686
9a9ec4ee-7535-4c73-8db6-adf3a7aa9828	12	45519509	86734072	25272	0.1791
9a9ec4ee-7535-4c73-8db6-adf3a7aa9828	12	86742543	93918566	4457	0.2466
9a9ec4ee-7535-4c73-8db6-adf3a7aa9828	12	93918759	106820270	8977	0.1858
9a9ec4ee-7535-4c73-8db6-adf3a7aa9828	12	106822363	113817190	4197	0.133
9a9ec4ee-7535-4c73-8db6-adf3a7aa9828	12	113817236	114001113	183	-0.0482
9a9ec4ee-7535-4c73-8db6-adf3a7aa9828	12	114001143	126840525	8549	0.1414
9a9ec4ee-7535-4c73-8db6-adf3a7aa9828	12	126840621	130675257	3438	0.0418
9a9ec4ee-7535-4c73-8db6-adf3a7aa9828	12	130676771	131248112	381	0.1183
9a9ec4ee-7535-4c73-8db6-adf3a7aa9828	12	131248681	131341210	81	-1.0362
9a9ec4ee-7535-4c73-8db6-adf3a7aa9828	12	131348665	132137079	508	0.098
9a9ec4ee-7535-4c73-8db6-adf3a7aa9828	12	132138124	132395692	43	-0.214
9a9ec4ee-7535-4c73-8db6-adf3a7aa9828	12	132396069	133201603	310	0.055
9a9ec4ee-7535-4c73-8db6-adf3a7aa9828	13	18452809	31209354	9016	-0.7581
9a9ec4ee-7535-4c73-8db6-adf3a7aa9828	13	31209840	37495907	4389	-0.6472
9a9ec4ee-7535-4c73-8db6-adf3a7aa9828	13	37496233	37514671	23	-0.03
9a9ec4ee-7535-4c73-8db6-adf3a7aa9828	13	37514784	52266063	9794	-0.653
9a9ec4ee-7535-4c73-8db6-adf3a7aa9828	13	52284657	77950041	15996	-0.7046
9a9ec4ee-7535-4c73-8db6-adf3a7aa9828	13	77957479	77957715	2	-3.6281
9a9ec4ee-7535-4c73-8db6-adf3a7aa9828	13	77964365	80605096	1786	-0.736
9a9ec4ee-7535-4c73-8db6-adf3a7aa9828	13	80605302	84127094	2162	-0.6586
9a9ec4ee-7535-4c73-8db6-adf3a7aa9828	13	84127490	95651220	7390	-0.731
9a9ec4ee-7535-4c73-8db6-adf3a7aa9828	13	95668072	105663858	7243	0.1983
9a9ec4ee-7535-4c73-8db6-adf3a7aa9828	13	105664476	105664629	4	-1.9657
9a9ec4ee-7535-4c73-8db6-adf3a7aa9828	13	105667023	112860360	5496	0.1448
9a9ec4ee-7535-4c73-8db6-adf3a7aa9828	13	112862607	113100590	126	-0.1108
9a9ec4ee-7535-4c73-8db6-adf3a7aa9828	13	113102878	114342922	530	0.124
9a9ec4ee-7535-4c73-8db6-adf3a7aa9828	14	18239283	21913024	1489	0.1651
9a9ec4ee-7535-4c73-8db6-adf3a7aa9828	14	21913250	22474238	478	0.4609
9a9ec4ee-7535-4c73-8db6-adf3a7aa9828	14	22474392	49185600	16491	0.1844
9a9ec4ee-7535-4c73-8db6-adf3a7aa9828	14	49189123	61704251	8254	0.2264
9a9ec4ee-7535-4c73-8db6-adf3a7aa9828	14	61706469	77638038	10053	0.1884
9a9ec4ee-7535-4c73-8db6-adf3a7aa9828	14	77638554	78148505	408	0.0905
9a9ec4ee-7535-4c73-8db6-adf3a7aa9828	14	78148904	82595932	2961	0.1876
9a9ec4ee-7535-4c73-8db6-adf3a7aa9828	14	82596312	89828839	4856	0.2293
9a9ec4ee-7535-4c73-8db6-adf3a7aa9828	14	89828970	99558182	7054	0.1743
9a9ec4ee-7535-4c73-8db6-adf3a7aa9828	14	99559743	99560380	2	1.6616
9a9ec4ee-7535-4c73-8db6-adf3a7aa9828	14	99561643	106423925	3072	0.1576
9a9ec4ee-7535-4c73-8db6-adf3a7aa9828	14	106425447	106475361	49	-0.5147
9a9ec4ee-7535-4c73-8db6-adf3a7aa9828	14	106487515	106877229	193	0.0164
9a9ec4ee-7535-4c73-8db6-adf3a7aa9828	15	19811075	22227530	181	-0.039
9a9ec4ee-7535-4c73-8db6-adf3a7aa9828	15	22228782	22413894	28	-0.7147
9a9ec4ee-7535-4c73-8db6-adf3a7aa9828	15	22455811	27980713	3605	0.0644
9a9ec4ee-7535-4c73-8db6-adf3a7aa9828	15	27981145	29142922	372	-0.0723
9a9ec4ee-7535-4c73-8db6-adf3a7aa9828	15	29148750	30231102	653	0.0667
9a9ec4ee-7535-4c73-8db6-adf3a7aa9828	15	30252720	30269364	5	-1.1359
9a9ec4ee-7535-4c73-8db6-adf3a7aa9828	15	30281107	32137612	1056	0.0936
9a9ec4ee-7535-4c73-8db6-adf3a7aa9828	15	32137666	76042215	27679	0.1732
9a9ec4ee-7535-4c73-8db6-adf3a7aa9828	15	76048529	76052548	3	-4.0467
9a9ec4ee-7535-4c73-8db6-adf3a7aa9828	15	76056133	81570411	3517	0.1425
9a9ec4ee-7535-4c73-8db6-adf3a7aa9828	15	81571622	83516138	1015	0.0807
9a9ec4ee-7535-4c73-8db6-adf3a7aa9828	15	83516215	92987185	6638	0.1665
9a9ec4ee-7535-4c73-8db6-adf3a7aa9828	15	92988484	94187903	1010	0.0996
9a9ec4ee-7535-4c73-8db6-adf3a7aa9828	15	94190475	94194226	3	-1.1647
9a9ec4ee-7535-4c73-8db6-adf3a7aa9828	15	94194946	94274490	73	0.0936
9a9ec4ee-7535-4c73-8db6-adf3a7aa9828	15	94276540	101387672	5305	0.1801
9a9ec4ee-7535-4c73-8db6-adf3a7aa9828	15	101388164	101928837	377	0.0875
9a9ec4ee-7535-4c73-8db6-adf3a7aa9828	16	10777	603333	283	0.0024
9a9ec4ee-7535-4c73-8db6-adf3a7aa9828	16	603459	4971658	1834	0.1622
9a9ec4ee-7535-4c73-8db6-adf3a7aa9828	16	4971982	6590693	1726	0.0923
9a9ec4ee-7535-4c73-8db6-adf3a7aa9828	16	6591013	7293473	941	0.165
9a9ec4ee-7535-4c73-8db6-adf3a7aa9828	16	7295712	8633639	1441	0.0808
9a9ec4ee-7535-4c73-8db6-adf3a7aa9828	16	8633733	8928694	240	0.4175
9a9ec4ee-7535-4c73-8db6-adf3a7aa9828	16	8931111	32000050	13475	0.1305
9a9ec4ee-7535-4c73-8db6-adf3a7aa9828	16	32000528	33682120	57	-0.439
9a9ec4ee-7535-4c73-8db6-adf3a7aa9828	16	33694195	35615379	359	-0.013
9a9ec4ee-7535-4c73-8db6-adf3a7aa9828	16	35616550	55762682	6560	0.1129
9a9ec4ee-7535-4c73-8db6-adf3a7aa9828	16	55764310	55764867	3	1.869
9a9ec4ee-7535-4c73-8db6-adf3a7aa9828	16	55770436	78339867	14290	0.1436
9a9ec4ee-7535-4c73-8db6-adf3a7aa9828	16	78339920	78350841	11	1.0963
9a9ec4ee-7535-4c73-8db6-adf3a7aa9828	16	78350868	88399007	9896	0.1586
9a9ec4ee-7535-4c73-8db6-adf3a7aa9828	16	88399022	90096867	714	0.0266
9a9ec4ee-7535-4c73-8db6-adf3a7aa9828	17	150733	261089	59	-0.1747
9a9ec4ee-7535-4c73-8db6-adf3a7aa9828	17	261100	14456102	9031	0.1282
9a9ec4ee-7535-4c73-8db6-adf3a7aa9828	17	14456832	14972560	446	0.2523
9a9ec4ee-7535-4c73-8db6-adf3a7aa9828	17	14973668	16749938	933	0.1299
9a9ec4ee-7535-4c73-8db6-adf3a7aa9828	17	16750987	16876256	22	-0.3206
9a9ec4ee-7535-4c73-8db6-adf3a7aa9828	17	16878010	28616622	3247	0.1304
9a9ec4ee-7535-4c73-8db6-adf3a7aa9828	17	28620524	32737937	1869	0.1864
9a9ec4ee-7535-4c73-8db6-adf3a7aa9828	17	32739976	41266762	5197	0.1318
9a9ec4ee-7535-4c73-8db6-adf3a7aa9828	17	41266774	41274279	23	-0.8237
9a9ec4ee-7535-4c73-8db6-adf3a7aa9828	17	41276472	45342645	2098	0.1604
9a9ec4ee-7535-4c73-8db6-adf3a7aa9828	17	45343635	45387631	20	-0.1848
9a9ec4ee-7535-4c73-8db6-adf3a7aa9828	17	45388275	46135062	413	0.0424
9a9ec4ee-7535-4c73-8db6-adf3a7aa9828	17	46135838	46351954	92	-0.1858
9a9ec4ee-7535-4c73-8db6-adf3a7aa9828	17	46446345	65768498	11093	0.1558
9a9ec4ee-7535-4c73-8db6-adf3a7aa9828	17	65768772	68293099	1545	-0.7495
9a9ec4ee-7535-4c73-8db6-adf3a7aa9828	17	68297843	74574637	4639	0.0953
9a9ec4ee-7535-4c73-8db6-adf3a7aa9828	17	74576619	82959140	4216	0.1632
9a9ec4ee-7535-4c73-8db6-adf3a7aa9828	17	82959812	83091923	62	0.0331
9a9ec4ee-7535-4c73-8db6-adf3a7aa9828	18	48133	852561	599	0.1131
9a9ec4ee-7535-4c73-8db6-adf3a7aa9828	18	852757	3569836	1882	0.2044
9a9ec4ee-7535-4c73-8db6-adf3a7aa9828	18	3570621	5994682	1782	0.1498
9a9ec4ee-7535-4c73-8db6-adf3a7aa9828	18	5994824	11594936	4246	0.2047
9a9ec4ee-7535-4c73-8db6-adf3a7aa9828	18	11598991	39979274	13765	0.1528
9a9ec4ee-7535-4c73-8db6-adf3a7aa9828	18	39979409	40678763	495	0.2231
9a9ec4ee-7535-4c73-8db6-adf3a7aa9828	18	40680456	40685425	19	-0.5207
9a9ec4ee-7535-4c73-8db6-adf3a7aa9828	18	40688060	46368619	3716	0.1932
9a9ec4ee-7535-4c73-8db6-adf3a7aa9828	18	46374967	52145372	4109	0.1464
9a9ec4ee-7535-4c73-8db6-adf3a7aa9828	18	52146071	52148786	2	-1.6057
9a9ec4ee-7535-4c73-8db6-adf3a7aa9828	18	52150461	58567880	4309	0.1406
9a9ec4ee-7535-4c73-8db6-adf3a7aa9828	18	58567940	66095064	5407	0.1931
9a9ec4ee-7535-4c73-8db6-adf3a7aa9828	18	66099904	66100686	3	-1.3783
9a9ec4ee-7535-4c73-8db6-adf3a7aa9828	18	66108359	72581667	4674	0.1643
9a9ec4ee-7535-4c73-8db6-adf3a7aa9828	18	72581758	72710075	97	0.0131
9a9ec4ee-7535-4c73-8db6-adf3a7aa9828	18	72711969	79280133	5138	0.1183
9a9ec4ee-7535-4c73-8db6-adf3a7aa9828	18	79282891	80058479	351	-0.0532
9a9ec4ee-7535-4c73-8db6-adf3a7aa9828	18	80061248	80152061	51	0.1945
9a9ec4ee-7535-4c73-8db6-adf3a7aa9828	18	80152656	80257174	62	-0.0523
9a9ec4ee-7535-4c73-8db6-adf3a7aa9828	19	90910	268138	18	-0.4502
9a9ec4ee-7535-4c73-8db6-adf3a7aa9828	19	276245	11903472	4667	0.1517
9a9ec4ee-7535-4c73-8db6-adf3a7aa9828	19	11911608	11913792	2	-1.5066
9a9ec4ee-7535-4c73-8db6-adf3a7aa9828	19	11919443	14928127	1402	0.1476
9a9ec4ee-7535-4c73-8db6-adf3a7aa9828	19	14934380	14938487	3	-1.1017
9a9ec4ee-7535-4c73-8db6-adf3a7aa9828	19	14940475	22589899	4057	0.1526
9a9ec4ee-7535-4c73-8db6-adf3a7aa9828	19	22589914	23325215	384	0.0447
9a9ec4ee-7535-4c73-8db6-adf3a7aa9828	19	23325762	28185151	1029	0.1416
9a9ec4ee-7535-4c73-8db6-adf3a7aa9828	19	28185368	29575019	1135	0.0533
9a9ec4ee-7535-4c73-8db6-adf3a7aa9828	19	29575190	29721754	91	0.1366
9a9ec4ee-7535-4c73-8db6-adf3a7aa9828	19	29724454	29736397	14	-0.7326
9a9ec4ee-7535-4c73-8db6-adf3a7aa9828	19	29737109	29744659	11	0.1856
9a9ec4ee-7535-4c73-8db6-adf3a7aa9828	19	29752605	30257092	350	-0.8065
9a9ec4ee-7535-4c73-8db6-adf3a7aa9828	19	30260800	30291126	21	0.1485
9a9ec4ee-7535-4c73-8db6-adf3a7aa9828	19	30292822	30695801	312	-0.8738
9a9ec4ee-7535-4c73-8db6-adf3a7aa9828	19	30701775	30770989	38	0.1658
9a9ec4ee-7535-4c73-8db6-adf3a7aa9828	19	30773240	32455712	1264	-0.8083
9a9ec4ee-7535-4c73-8db6-adf3a7aa9828	19	32462348	34602776	1359	0.1189
9a9ec4ee-7535-4c73-8db6-adf3a7aa9828	19	34605057	35358319	513	-0.7428
9a9ec4ee-7535-4c73-8db6-adf3a7aa9828	19	35358407	35370877	22	-0.1278
9a9ec4ee-7535-4c73-8db6-adf3a7aa9828	19	35370946	36355779	442	-0.7365
9a9ec4ee-7535-4c73-8db6-adf3a7aa9828	19	36355827	36356596	6	-1.974
9a9ec4ee-7535-4c73-8db6-adf3a7aa9828	19	36356735	37309438	500	-0.7073
9a9ec4ee-7535-4c73-8db6-adf3a7aa9828	19	37313032	37361604	22	0.0984
9a9ec4ee-7535-4c73-8db6-adf3a7aa9828	19	37362291	37480202	54	-0.5956
9a9ec4ee-7535-4c73-8db6-adf3a7aa9828	19	37485234	37601450	65	0.1156
9a9ec4ee-7535-4c73-8db6-adf3a7aa9828	19	37601990	43342086	2819	-0.7098
9a9ec4ee-7535-4c73-8db6-adf3a7aa9828	19	43342242	43510305	85	0.0976
9a9ec4ee-7535-4c73-8db6-adf3a7aa9828	19	43514023	43762409	162	-0.82
9a9ec4ee-7535-4c73-8db6-adf3a7aa9828	19	43768036	44195730	311	0.1083
9a9ec4ee-7535-4c73-8db6-adf3a7aa9828	19	44196458	54836219	5559	-0.755
9a9ec4ee-7535-4c73-8db6-adf3a7aa9828	19	54836508	54837236	2	-7.3324
9a9ec4ee-7535-4c73-8db6-adf3a7aa9828	19	54852069	58586487	2264	-0.7684
9a9ec4ee-7535-4c73-8db6-adf3a7aa9828	20	80664	1587007	1207	0.1155
9a9ec4ee-7535-4c73-8db6-adf3a7aa9828	20	1587075	1618432	43	-0.4012
9a9ec4ee-7535-4c73-8db6-adf3a7aa9828	20	1618496	6955493	3948	0.1498
9a9ec4ee-7535-4c73-8db6-adf3a7aa9828	20	6957990	12356771	4263	0.2271
9a9ec4ee-7535-4c73-8db6-adf3a7aa9828	20	12357972	15085969	1979	0.1621
9a9ec4ee-7535-4c73-8db6-adf3a7aa9828	20	15088335	15100670	10	0.7668
9a9ec4ee-7535-4c73-8db6-adf3a7aa9828	20	15101100	20991819	5024	0.1684
9a9ec4ee-7535-4c73-8db6-adf3a7aa9828	20	20994147	31854179	3870	0.1071
9a9ec4ee-7535-4c73-8db6-adf3a7aa9828	20	31854330	43162530	6946	0.1677
9a9ec4ee-7535-4c73-8db6-adf3a7aa9828	20	43162620	43162642	2	-1.856
9a9ec4ee-7535-4c73-8db6-adf3a7aa9828	20	43163928	48576504	3784	0.1352
9a9ec4ee-7535-4c73-8db6-adf3a7aa9828	20	48577138	50555366	1236	0.2
9a9ec4ee-7535-4c73-8db6-adf3a7aa9828	20	50555422	52031054	1056	0.1283
9a9ec4ee-7535-4c73-8db6-adf3a7aa9828	20	52036258	52037861	4	-0.8854
9a9ec4ee-7535-4c73-8db6-adf3a7aa9828	20	52038037	54404346	1863	0.1463
9a9ec4ee-7535-4c73-8db6-adf3a7aa9828	20	54405774	63918212	6925	0.1096
9a9ec4ee-7535-4c73-8db6-adf3a7aa9828	20	63920635	64324800	188	-0.103
9a9ec4ee-7535-4c73-8db6-adf3a7aa9828	21	10354168	10558268	50	-0.3321
9a9ec4ee-7535-4c73-8db6-adf3a7aa9828	21	10558276	14215167	379	0.0596
9a9ec4ee-7535-4c73-8db6-adf3a7aa9828	21	14222050	15321314	813	0.175
9a9ec4ee-7535-4c73-8db6-adf3a7aa9828	21	15325701	19690061	3097	0.2223
9a9ec4ee-7535-4c73-8db6-adf3a7aa9828	21	19692042	25953516	4724	0.1557
9a9ec4ee-7535-4c73-8db6-adf3a7aa9828	21	25954196	30181182	3244	0.2235
9a9ec4ee-7535-4c73-8db6-adf3a7aa9828	21	30182618	40760766	7934	0.1613
9a9ec4ee-7535-4c73-8db6-adf3a7aa9828	21	40760902	45250897	2806	0.1336
9a9ec4ee-7535-4c73-8db6-adf3a7aa9828	21	45250959	45613720	175	-0.0747
9a9ec4ee-7535-4c73-8db6-adf3a7aa9828	21	45616962	46677045	629	0.1214
9a9ec4ee-7535-4c73-8db6-adf3a7aa9828	22	15294547	19694304	1612	0.062
9a9ec4ee-7535-4c73-8db6-adf3a7aa9828	22	19697065	20615974	573	-0.0574
9a9ec4ee-7535-4c73-8db6-adf3a7aa9828	22	20617312	23940911	2193	0.0756
9a9ec4ee-7535-4c73-8db6-adf3a7aa9828	22	23942595	23981995	12	-0.6308
9a9ec4ee-7535-4c73-8db6-adf3a7aa9828	22	23988078	23989773	2	-3.0498
9a9ec4ee-7535-4c73-8db6-adf3a7aa9828	22	23990431	24010332	15	-0.1483
9a9ec4ee-7535-4c73-8db6-adf3a7aa9828	22	24010678	25351623	862	0.1192
9a9ec4ee-7535-4c73-8db6-adf3a7aa9828	22	25351809	25500358	162	-0.0453
9a9ec4ee-7535-4c73-8db6-adf3a7aa9828	22	25500591	35203919	7578	0.1207
9a9ec4ee-7535-4c73-8db6-adf3a7aa9828	22	35214155	42380270	4065	0.1677
9a9ec4ee-7535-4c73-8db6-adf3a7aa9828	22	42380847	48022385	4137	0.1158
9a9ec4ee-7535-4c73-8db6-adf3a7aa9828	22	48022763	50796027	2049	0.0047
9a9ec4ee-7535-4c73-8db6-adf3a7aa9828	X	251810	2624297	91	-0.248
9a9ec4ee-7535-4c73-8db6-adf3a7aa9828	X	2671323	8607259	4411	0.2012
9a9ec4ee-7535-4c73-8db6-adf3a7aa9828	X	8607804	9920139	999	0.3
9a9ec4ee-7535-4c73-8db6-adf3a7aa9828	X	9920202	10237541	258	0.1184
9a9ec4ee-7535-4c73-8db6-adf3a7aa9828	X	10245212	14880488	3262	0.3082
9a9ec4ee-7535-4c73-8db6-adf3a7aa9828	X	14880990	18816453	2297	0.2456
9a9ec4ee-7535-4c73-8db6-adf3a7aa9828	X	18818670	19493448	400	0.1155
9a9ec4ee-7535-4c73-8db6-adf3a7aa9828	X	19497729	20770832	644	0.2516
9a9ec4ee-7535-4c73-8db6-adf3a7aa9828	X	20772535	23110585	1521	0.3115
9a9ec4ee-7535-4c73-8db6-adf3a7aa9828	X	23110810	31122179	5114	0.2537
9a9ec4ee-7535-4c73-8db6-adf3a7aa9828	X	31122649	36344742	3576	0.3064
9a9ec4ee-7535-4c73-8db6-adf3a7aa9828	X	36345253	47186384	5871	0.244
9a9ec4ee-7535-4c73-8db6-adf3a7aa9828	X	47190439	53746043	2743	0.1773
9a9ec4ee-7535-4c73-8db6-adf3a7aa9828	X	53755908	78418910	8746	-0.1484
9a9ec4ee-7535-4c73-8db6-adf3a7aa9828	X	78419741	99345043	11319	-0.1166
9a9ec4ee-7535-4c73-8db6-adf3a7aa9828	X	99348404	103934064	2298	-0.1397
9a9ec4ee-7535-4c73-8db6-adf3a7aa9828	X	103934078	104046081	84	-0.3929
9a9ec4ee-7535-4c73-8db6-adf3a7aa9828	X	104048764	108399793	2167	-0.1419
9a9ec4ee-7535-4c73-8db6-adf3a7aa9828	X	108402456	108636639	101	-1.0027
9a9ec4ee-7535-4c73-8db6-adf3a7aa9828	X	108645556	113168987	2557	-0.1082
9a9ec4ee-7535-4c73-8db6-adf3a7aa9828	X	113172252	113177655	2	-2.0684
9a9ec4ee-7535-4c73-8db6-adf3a7aa9828	X	113177779	116805541	1963	-0.1191
9a9ec4ee-7535-4c73-8db6-adf3a7aa9828	X	116808832	116852548	30	0.2459
9a9ec4ee-7535-4c73-8db6-adf3a7aa9828	X	116853854	117777434	624	-0.1176
9a9ec4ee-7535-4c73-8db6-adf3a7aa9828	X	117784611	117835007	30	-1.0092
9a9ec4ee-7535-4c73-8db6-adf3a7aa9828	X	117840706	121020190	1779	-0.1331
9a9ec4ee-7535-4c73-8db6-adf3a7aa9828	X	121023200	130956534	5799	-0.1023
9a9ec4ee-7535-4c73-8db6-adf3a7aa9828	X	130957744	139652341	4805	-0.1507
9a9ec4ee-7535-4c73-8db6-adf3a7aa9828	X	139652390	140402081	402	-0.266
9a9ec4ee-7535-4c73-8db6-adf3a7aa9828	X	140410032	152728527	8096	-0.1522
9a9ec4ee-7535-4c73-8db6-adf3a7aa9828	X	152731111	153417363	432	-0.2798
9a9ec4ee-7535-4c73-8db6-adf3a7aa9828	X	153425665	155952689	926	-0.179
9a9ec4ee-7535-4c73-8db6-adf3a7aa9828	Y	2782397	56872112	6615	-1.2193
